Breakdown,Bank,12/31/2023,12/31/2022,12/31/2021,12/31/2020
Total Revenue,BAC,0.11488628912872914,0.05924484892796259,0.11924994241067342,0.08502212789177353
Net Interest Income,BAC,0.10869948844887921,0.05334127553478207,0.11014234819295737,0.07506121046123101
Interest Income,BAC,0.11959226829651606,0.05613452388544833,0.11107679418363578,0.07700411849258684
Interest Income from Loans And Lease,BAC,0.10872815717711957,0.05132057162174724,0.10744984995219296,0.07285704330736097
Interest Income from Loans,BAC,0.11187970540019221,0.05430122927170815,0.11183280180030235,0.07285704330736097
Interest Income from Securities,BAC,0.10455039561359546,0.04919871440824555,0.10485911915152776,0.06810642647835223
Interest Income from Federal Funds Sold And Securities Purchase Under Agreements To Resell,BAC,0.10301743563721968,0.04668544394280003,0.1016569948153828,0.06503202550229192
Other Interest Income,BAC,0.10402470323409993,0.0470853329520632,0.10213506511538376,0.06546478021517264
Interest Expense,BAC,0.11113558763614305,0.04884509469713549,0.10260919094096226,0.06676162703488613
Interest Expense for Deposit,BAC,0.10412912870535886,0.04670739754372553,0.10178065408852661,0.06527769411659103
Interest Expense for Short Term Debt,BAC,0.10478123086585205,0.047021417405064915,0.10160413885812197,0.06505186796729301
Interest Expense for Long Term Debt And Capital Securities,BAC,0.10240737104197013,0.04700627219936315,0.10235141953745515,0.06583942485197876
Other Interest Expense,BAC,0.10054628038848058,0.04626554658838957,0.10189721330771002,0.06504879710961427
Non Interest Income,BAC,0.10642960846835611,0.05195541973964975,0.11078233916799989,0.07477963643407283
Fees And Commissions,BAC,0.10429817022213363,0.049996408224152376,0.10767271275706139,0.07128429173620389
Fees & Commission Income,BAC,0.10429817022213363,0.049996408224152376,0.10767271275706139,0.07128429173620389
Service Charge on Depositor Accounts,BAC,0.10108712411657983,0.04694180086499967,0.10315471175358709,0.06650556474844362
Trust Fees by Commissions,BAC,0.1020256164742099,0.0477403283619543,0.10418520569645218,0.06734816085152522
Securities Activities,BAC,0.10077176810593585,0.04657275805450523,0.10245594810965007,0.06573194483322291
Credit Card,BAC,0.10114208489092663,0.04689705998210087,0.10290108204822355,0.06615477831360309
Investment Banking Profit,BAC,0.10094214650641097,0.0467219869620621,0.10342747215989952,0.06651477732147983
Trading Gain Loss,BAC,0.1021340525965698,0.04772962945517415,0.1033888163105595,0.06679233561167351
Gain Losson Saleof Assets,BAC,0.1002428077885062,0.04605184634646923,0.10167474495028384,0.06481871900353031
Gain on Sale of Security,BAC,0.1002428077885062,0.04605184634646923,0.10167474495028384,0.06481871900353031
Other Non Interest Income,BAC,0.0997836625087603,0.04566293413766881,0.10131757279133098,0.06464438877530652
Credit Losses Provision,BAC,0.09959011145747954,0.04569850452904176,0.10258079072512061,0.06214471062481325
Non Interest Expense,BAC,0.11002359748273713,0.05458846238229639,0.11345511503665205,0.07786112400477638
Occupancy And Equipment,BAC,0.10130696721396705,0.04703433946130588,0.10308252787165625,0.06650556474844362
Professional Expense And Contract Services Expense,BAC,0.10056351133395147,0.04634947048053514,0.10202481705527627,0.0652188753810521
Selling General and Administrative,BAC,0.10764245906982009,0.05243589791686727,0.11055947636313146,0.07454058197477409
General & Administrative Expense,BAC,0.10682027559411855,0.051674747120222506,0.10941163430619849,0.07332782941149375
Salaries and Wages,BAC,0.10593644692556856,0.051116041871352734,0.10880241023165109,0.07254901266020133
Other G and A,BAC,0.10112663645705618,0.046610551595339,0.10228396902483125,0.06559753575482273
Selling & Marketing Expense,BAC,0.10106499126420773,0.046812997143113995,0.1028225870072168,0.06603147156681065
Other Non Interest Expense,BAC,0.10123908323051709,0.04692429356299579,0.10281252859743956,0.06605225891109749
Pretax Income,BAC,0.10445280310347153,0.05035489107470796,0.108375618099142,0.0693057145118104
Tax Provision,BAC,0.10051419517967272,0.04652996242738464,0.1020687979450866,0.06507879702693734
Net Income Common Stockholders,BAC,0.1039364689098783,0.049666548422904716,0.10770131019662416,0.0687099681221351
Net Income,BAC,0.104181415712305,0.04987677499379255,0.10798156510433923,0.06904563648840338
Net Income Including Non-Controlling Interests,BAC,0.104181415712305,0.04987677499379255,0.10798156510433923,0.06904563648840338
Net Income Continuous Operations,BAC,0.104181415712305,0.04987677499379255,0.10798156510433923,0.06904563648840338
Preferred Stock Dividends,BAC,0.10048775459093291,0.04626207291735706,0.10195499985799891,0.06515438736979859
Diluted NI Available to Com Stockholders,BAC,0.1039364689098783,0.049666548422904716,0.10770131019662416,0.0687099681221351
Basic EPS,BAC,0.10024280824898836,0.04605184679248859,0.10167474566028924,0.06481871944762357
Diluted EPS,BAC,0.1002428082460175,0.04605184678970965,0.10167474565437253,0.06481871944526138
Basic Average Shares,BAC,0.10143539717477854,0.047179219332730025,0.10334982518089358,0.0668863983445715
Diluted Average Shares,BAC,0.10144310653745042,0.047186694672792,0.10336266444513867,0.06689672115076849
Interest Income after Provision for Loan Loss,BAC,0.10804679211785255,0.052987933717354614,0.11104839396779415,0.07238720208251395
Net Income from Continuing & Discontinued Operation,BAC,0.104181415712305,0.04987677499379255,0.10798156510433923,0.06904563648840338
Normalized Income,BAC,0.104181415712305,0.04987677499379255,0.10798156510433923,0.06904563648840338
Total Money Market Investments,BAC,0.10301743563721968,0.04668544394280003,0.1016569948153828,0.06503202550229192
Reconciled Depreciation,BAC,0.10054835998534777,0.04632668319856185,0.10204907557297435,0.06525407213444688
Net Income from Continuing Operation Net Minority Interest,BAC,0.104181415712305,0.04987677499379255,0.10798156510433923,0.06904563648840338
Tax Rate for Calcs,BAC,0.1002428077885062,0.04605184634646923,0.10167474495028384,0.06481871900353031
Tax Effect of Unusual Items,BAC,0.1002428077885062,0.04605184634646923,0.10167474495028384,0.06481871900353031
Total Revenue,WFC,0.11251198367694712,0.056385045040313345,0.11728815805666788,0.0823613478230572
Net Interest Income,WFC,0.10802272821124664,0.05229750686293186,0.10873121246832586,0.07425711818904437
Interest Income,WFC,0.11288645965567225,0.05355831050089364,0.10950334333652045,0.07613813662718252
Interest Income from Loans And Lease,WFC,0.10878668297466725,0.051363506195709126,0.10749264749967655,0.07312822366237574
Interest Income from Loans,WFC,0.10878668297466725,0.051363506195709126,0.10749264749967655,0.07312822366237574
Interest Income from Securities,WFC,0.10273683860278424,0.0477870145006313,0.10361956806427283,0.06760327825868197
Other Interest Income,WFC,0.10184855365523315,0.04651148249749166,0.10174061767313874,0.06504407271318545
Interest Expense,WFC,0.10510653923293178,0.04731264998443101,0.10244687581847843,0.06669973744166847
Interest Expense for Deposit,WFC,0.10269420686700712,0.04637823247668437,0.10175126775407936,0.0654810793828521
Interest Expense for Short Term Debt,WFC,0.10081439984171298,0.04613271340810619,0.10166665877771781,0.06487777395889067
Interest Expense for Long Term Debt And Capital Securities,WFC,0.10196174314186089,0.04681674870782911,0.10230053581740553,0.06587485782519498
Other Interest Expense,WFC,0.10036461274786938,0.04614049443121902,0.10175264832012722,0.06492218328532166
Non Interest Income,WFC,0.10473206325420666,0.05013938452385071,0.11023169053862586,0.07292294863754313
Fees And Commissions,WFC,0.10349247497873613,0.049226364829664374,0.10652625126617628,0.07007555490988805
Fees & Commission Income,WFC,0.10349247497873613,0.049226364829664374,0.10652625126617628,0.07010838946506841
Service Charge on Depositor Accounts,WFC,0.10121962414554564,0.04705865515853348,0.10307779450234932,0.06637824226468668
Trust Fees by Commissions,WFC,0.10153067241982189,0.04730292370553996,0.10384637534356371,0.0671485551024072
Securities Activities,WFC,0.11187970540019221,0.05430122927170815,0.11183280180030235,0.06703327982954378
Credit Card,WFC,0.10087500523612783,0.046656959840333405,0.10249815398597029,0.06565588205071876
Other Customer Services,WFC,0.10059559654275935,0.04636336516466521,0.10212816228514447,0.0653818670578467
Fees & Commission Expense,WFC,0.11187970540019221,0.05430122927170815,0.11183280180030235,0.06485155355871067
Investment Banking Profit,WFC,0.10048775459093291,0.046251790851100816,0.1021390095898062,0.06525926897051859
Trading Gain Loss,WFC,0.10089164201106525,0.04625484768160942,0.1031073780605177,0.0654588747196366
Gain Losson Saleof Assets,WFC,0.1003011850434205,0.046169951161574754,0.1026139243102692,0.0656766693950056
Gain on Sale of Security,WFC,0.1002428077885062,0.04605184634646923,0.10167474495028384,0.06439352332493573
Gain on Saleof Loans,WFC,0.1003011850434205,0.046169951161574754,0.1026139243102692,0.06610186507360019
Other Non Interest Income,WFC,0.10053023778407666,0.04644381538577826,0.10254410711299183,0.06572745665661552
Credit Losses Provision,WFC,0.09944082611094293,0.04583870189191409,0.10249420951154783,0.06148116914638425
Non Interest Expense,WFC,0.10849613358379603,0.05400030040307089,0.11227709775038734,0.07807797380085961
Occupancy And Equipment,WFC,0.10067120474314455,0.0464521521962563,0.10226010495457542,0.06558950428089372
Net Occupancy Expense,WFC,0.10067120474314455,0.0464521521962563,0.10226010495457542,0.06558950428089372
Equipment,WFC,0.11187970540019221,0.05430122927170815,0.11183280180030235,0.06555076423017732
Professional Expense And Contract Services Expense,WFC,0.10099814707919136,0.04677270255913682,0.10280345630626792,0.06640280912611658
Selling General and Administrative,WFC,0.10568555841780707,0.05089344903158915,0.10880260745537221,0.07318349910059303
General & Administrative Expense,WFC,0.10556494179951083,0.05082328087673234,0.1086842732226987,0.07304176720772818
Salaries and Wages,WFC,0.10556494179951083,0.05082328087673234,0.1086842732226987,0.07304176720772818
Rental & Landing Fees,WFC,0.11187970540019221,0.05430122927170815,0.11183280180030235,0.07727821446788524
Selling & Marketing Expense,WFC,0.10036342440680243,0.04612201450132604,0.10179307918295734,0.06496045089639517
Other Non Interest Expense,WFC,0.10186964670917166,0.048037535655496316,0.1034351638850233,0.0673583183038472
Special Income Charges,WFC,0.11187970540019221,0.046051151612262725,0.10165975594747853,0.0644646254911896
Restructuring & Mergers Acquisition,WFC,0.11187970540019221,0.04605254108067573,0.10168973395308914,0.06517281251587102
Other Special Charges,WFC,0.11187970540019221,0.05430122927170815,0.11183280180030235,0.06480194739620797
Pretax Income,WFC,0.10345667620409402,0.048223446529156534,0.10750526981782839,0.06541044965624111
Tax Provision,WFC,0.10063005843370113,0.04636461568623691,0.10281154247883394,0.06454541267012257
Net Income Common Stockholders,WFC,0.10291390142176096,0.047797296566887554,0.1057805483766121,0.06524060760462472
Net Income,WFC,0.10308621087646988,0.04795222229493774,0.10603516420058125,0.06561643334053804
Net Income Including Non-Controlling Interests,WFC,0.10306942555889909,0.04791067718938885,0.10636847228927827,0.06568375598964886
Net Income Continuous Operations,WFC,0.10306942555889909,0.04791067718938885,0.10636847228927827,0.06568375598964886
Minority Interests,WFC,0.10025959310607697,0.046093391452018115,0.10134143686158681,0.0647513963544195
Preferred Stock Dividends,WFC,0.1004151172432151,0.04620677207451941,0.10192936077425299,0.06519454473944364
Diluted NI Available to Com Stockholders,WFC,0.10291390142176096,0.047797296566887554,0.1057805483766121,0.06524060760462472
Basic EPS,WFC,0.11187970540019221,0.04605184680499381,0.10167474596204153,0.06481871910510484
Diluted EPS,WFC,0.11187970540019221,0.0460518468008254,0.10167474595218035,0.06481871910510484
Basic Average Shares,WFC,0.11187970540019221,0.04658056686698633,0.10247584798311132,0.06579147222822615
Diluted Average Shares,WFC,0.11187970540019221,0.04658498537653969,0.10248261275674583,0.0657952989893335
Rent Expense Supplemental,WFC,0.11187970540019221,0.05430122927170815,0.11183280180030235,0.07727821446788524
Interest Income after Provision for Loan Loss,WFC,0.10722074653368338,0.052084362408376716,0.10955067702958986,0.0709195683318983
Net Income from Continuing & Discontinued Operation,WFC,0.10308621087646988,0.04795222229493774,0.10603516420058125,0.06561643334053804
Normalized Income,WFC,0.10308621087646988,0.04795222229493774,0.10603516420058125,0.06587492160454676
Reconciled Depreciation,WFC,0.10117431864236787,0.04700113116623503,0.10323084010994038,0.06676020971595749
Net Income from Continuing Operation Net Minority Interest,WFC,0.10308621087646988,0.04795222229493774,0.10603516420058125,0.06561643334053804
Total Unusual Items Excluding Goodwill,WFC,0.11187970540019221,0.046051151612262725,0.10165975594747853,0.0644646254911896
Total Unusual Items,WFC,0.11187970540019221,0.046051151612262725,0.10165975594747853,0.0644646254911896
Tax Rate for Calcs,WFC,0.1002428077885062,0.04605184634646923,0.10167474495028384,0.06481871900353031
Tax Effect of Unusual Items,WFC,0.1002428077885062,0.04605184634646923,0.10167474495028384,0.06472311375519832
Total Revenue,JPM,0.12325978591441508,0.0639261069582216,0.1256739134550756,0.0931374598573941
Net Interest Income,JPM,0.11350276304152332,0.055320990129633235,0.11199171502592307,0.07770758112083943
Interest Income,JPM,0.12558239852978445,0.058947085847055374,0.11308689834931633,0.08006033054239615
Interest Income from Loans And Lease,JPM,0.1126288867294091,0.05337934696929844,0.10986682665454924,0.07515522595016472
Interest Income from Loans,JPM,0.1126288867294091,0.05337934696929844,0.10986682665454924,0.07515522595016472
Interest Income from Securities,JPM,0.10539367214323551,0.048886361909001766,0.1045045109009495,0.0688011489732115
Interest Income from Deposits,JPM,0.10348059156806655,0.04730778684498548,0.10177572349549856,0.06499564764978995
Interest Income from Federal Funds Sold And Securities Purchase Under Agreements To Resell,JPM,0.10366849799927928,0.04700627219936315,0.10178775414248703,0.06532281210248633
Other Interest Income,JPM,0.10138198124381878,0.04657470331028344,0.10185106295696736,0.0650603718808649
Interest Expense,JPM,0.11232244327676731,0.04967794206389137,0.10276992827367709,0.06717146842508702
Interest Expense for Deposit,JPM,0.10618688980542995,0.04745270840046203,0.10177947074619989,0.06537548912266777
Interest Expense for Short Term Debt,JPM,0.1005241475361085,0.046155639636920785,0.10169959513914527,0.06490659277710653
Interest Expense for Long Term Debt And Capital Securities,JPM,0.10398593360679043,0.04762486353683349,0.10256994342045887,0.06622635291949984
Interest Expense for Federal Funds Sold And Securities Purchase Under Agreements To Resell,JPM,0.10221233456435566,0.04656886754294882,0.1017287842498714,0.06506863957461535
Other Interest Expense,JPM,0.10038436891810756,0.04608324833260317,0.101691114519137,0.06486927004531878
Non Interest Income,JPM,0.10999983066139797,0.054656963175057596,0.11535694337943635,0.08024859774008497
Fees And Commissions,JPM,0.10550552474616293,0.05069892345376829,0.10864325068870523,0.07242830433144476
Fees & Commission Income,JPM,0.10550552474616293,0.05069892345376829,0.10864325068870523,0.07242830433144476
Service Charge on Depositor Accounts,JPM,0.10186177394960305,0.0475380217610206,0.10399330701579998,0.06761816010743278
Trust Fees by Commissions,JPM,0.10250362666839373,0.048010441021442696,0.10451575265305349,0.06766091589511368
Securities Activities,JPM,0.10066169801460888,0.04644520485419127,0.10227548840482298,0.06551769345517552
Credit Card,JPM,0.10095343574654705,0.046665991385017945,0.10268098037545084,0.06586635391162309
Other Customer Services,JPM,0.10049622152103498,0.04624664981797269,0.10187670204071328,0.06504005697622094
Investment Banking Profit,JPM,0.10121115721544358,0.04698084492740514,0.10428125364863883,0.06705950022972379
Trading Gain Loss,JPM,0.10312126693794513,0.04810728696982922,0.1043406179886967,0.06807099350513601
Foreign Exchange Trading Gains,JPM,0.10099770145129125,0.04676311522708707,0.10222440746105226,0.06582336190412075
Gain Losson Saleof Assets,JPM,0.09976479759432236,0.045840647147692294,0.10161380282045698,0.06499210435246833
Gain on Sale of Security,JPM,0.09976479759432236,0.045840647147692294,0.10161380282045698,0.06499210435246833
Other Non Interest Income,JPM,0.1006134216587637,0.046525377181621724,0.10262733552330552,0.0659679284348429
Credit Losses Provision,JPM,0.0988640350655682,0.04517161810682983,0.10349314765903331,0.06070565947259201
Non Interest Expense,JPM,0.11239003017495056,0.056594298983312065,0.11566125958112836,0.08056418742153074
Occupancy And Equipment,JPM,0.10229804366381,0.04800460525410807,0.10452600828655186,0.06831170150318484
Net Occupancy Expense,JPM,0.10092461847567333,0.04670434071321691,0.10256540727487305,0.06586966098912327
Equipment,JPM,0.10161623297664286,0.04735211088736038,0.10363534596196264,0.06726075951759189
Professional Expense And Contract Services Expense,JPM,0.10176314164104555,0.04746549150986168,0.10361029854938007,0.06708146867311783
Selling General and Administrative,JPM,0.10782680047783195,0.05238045812718833,0.10987984342014331,0.0736684583940123
General & Administrative Expense,JPM,0.10714484124803145,0.05183703703086162,0.1092810722028154,0.07308357811612332
Salaries and Wages,JPM,0.10714484124803145,0.05183703703086162,0.1092810722028154,0.07308357811612332
Other G and A,JPM,0.11187970540019221,0.05430122927170815,0.11183280180030235,0.06726075951759189
Selling & Marketing Expense,JPM,0.1009247670183067,0.046595267442795935,0.10227351616761175,0.06540359928141931
Other Non Interest Expense,JPM,0.10123046775778163,0.04689928313156168,0.10266934417590462,0.06595871586180668
Income from Associates & Other Participating Interests,JPM,0.11187970540019221,0.05430122927170815,0.10167060325214027,0.06486147479121121
Special Income Charges,JPM,0.09990383349915644,0.04601488648668327,0.10159072764508564,0.07727821446788524
Restructuring & Mergers Acquisition,JPM,0.09993770121956473,0.04605184634646923,0.10167474495028384,0.07727821446788524
Other Special Charges,JPM,0.10088688864679742,0.04608880620625519,0.10175876225548203,0.07727821446788524
Pretax Income,JPM,0.10939481651568299,0.0524664662219534,0.11342178422778235,0.07327893190845537
Tax Provision,JPM,0.10203423194694533,0.04723150502911145,0.1038891728910473,0.06639761229004487
Net Income Common Stockholders,JPM,0.10733720395824527,0.05103892637443089,0.11084623965364358,0.0712935043092401
Net Income,JPM,0.10760339235724385,0.05128680753931119,0.11120735628701889,0.07170003862194081
Net Income Including Non-Controlling Interests,JPM,0.10760339235724385,0.05128680753931119,0.11120735628701889,0.07170003862194081
Net Income Continuous Operations,JPM,0.10760339235724385,0.05128680753931119,0.11120735628701889,0.07170003862194081
Preferred Stock Dividends,JPM,0.10046577028119419,0.04627346655834371,0.10199030290407984,0.06519265498087211
Diluted NI Available to Com Stockholders,JPM,0.10733720395824527,0.05103892637443089,0.11084623965364358,0.0712935043092401
Basic EPS,JPM,0.10024281020232399,0.04605184802772601,0.10167474798555691,0.06481872110352452
Diluted EPS,JPM,0.10024281019935313,0.04605184802633654,0.1016747479796402,0.06481872110116232
Basic Average Shares,JPM,0.10067931517092653,0.04646393488839859,0.10227065642365547,0.0655468429811414
Diluted Average Shares,JPM,0.10067998361277669,0.046464518465132054,0.1022716622646332,0.06554802408024861
Interest Income after Provision for Loan Loss,JPM,0.11212399031858533,0.05444076188999384,0.11381011773467255,0.07359452158990114
Net Income from Continuing & Discontinued Operation,JPM,0.10760339235724385,0.05128680753931119,0.11120735628701889,0.07170003862194081
Normalized Income,JPM,0.10787592768588106,0.051316966784896535,0.11127549432153461,0.07170003862194081
Total Money Market Investments,JPM,0.10690628177883964,0.048262212697879406,0.10188873268770175,0.06549974074874597
Reconciled Depreciation,JPM,0.10135866005037973,0.04703156052447986,0.10323912350622752,0.06685351654542684
Net Income from Continuing Operation Net Minority Interest,JPM,0.10760339235724385,0.05128680753931119,0.11120735628701889,0.07170003862194081
Total Unusual Items Excluding Goodwill,JPM,0.09990383349915644,0.04601488648668327,0.10159072764508564,0.07727821446788524
Total Unusual Items,JPM,0.09990383349915644,0.04601488648668327,0.10159072764508564,0.07727821446788524
Tax Rate for Calcs,JPM,0.1002428077885062,0.04605184634646923,0.10167474495028384,0.06481871900353031
Tax Effect of Unusual Items,JPM,0.10017636882779364,0.046045045732268614,0.10165886567960138,0.06481871900353031
Total Revenue,HSBC,0.10960381600083423,0.05383634313033617,0.11434577736124127,0.07976670930434444
Net Interest Income,HSBC,0.10556003989260962,0.050272634544658,0.1068990040990978,0.07133318923924226
Interest Income,HSBC,0.11522600613124574,0.0533918521850155,0.10881187697026497,0.07468231386763896
Interest Expense,HSBC,0.10990877402714232,0.049171063986826725,0.10358761782145098,0.068167843631927
Non Interest Income,HSBC,0.10428658389673079,0.04961555493214739,0.1091215182124273,0.0732522390686325
Total Premiums Earned,HSBC,0.10041452307268162,0.04615980804215981,0.10461791454059495,0.06769445910975837
Fees And Commissions,HSBC,0.10191524929761617,0.04762597511156389,0.10405720750144366,0.06738383004456287
Fees & Commission Income,HSBC,0.10247540356805347,0.04809200281728616,0.10478516025610683,0.06813430041728231
Fees & Commission Expense,HSBC,0.10080296205894351,0.04651787405219149,0.10240269770494699,0.06556918937624975
Income from Associates & Other Participating Interests,HSBC,0.10065976696037507,0.046430198595330804,0.10227548840482298,0.06519596205837229
Special Income Charges,HSBC,0.1002211205640342,0.0448935854773873,0.10104284014780733,0.06410462648331285
Restructuring & Mergers Acquisition,HSBC,0.09998627466067664,0.04648661101289885,0.10209739538464936,0.06530958379248562
Impairment of Capital Assets,HSBC,0.11187970540019221,0.04605129055910403,0.11183280180030235,0.06506651359622238
Write Off,HSBC,0.10066615429360998,0.04637364723092145,0.10179051527458274,0.06481871900353031
Other Special Charges,HSBC,0.10009768163570396,0.04645354166466931,0.101652458669797,0.0647844671294213
Pretax Income,HSBC,0.10475077962601125,0.048422001565375114,0.10540345662182588,0.0668920203763218
Tax Provision,HSBC,0.10110272109308366,0.04616425434108143,0.10250564848737294,0.06545131568535048
Net Income Common Stockholders,HSBC,0.10357491614025634,0.04804517773176785,0.10416114440247523,0.06573950386750903
Net Income,HSBC,0.10373846157959643,0.04821372025026549,0.1044195074771457,0.06605391244984758
Net Income Including Non-Controlling Interests,HSBC,0.1038908663214338,0.048309593570762914,0.10457255308473677,0.06625942369450163
Net Income Continuous Operations,HSBC,0.1038908663214338,0.048309593570762914,0.10457255308473677,0.06625942369450163
Minority Interests,HSBC,0.10009040304666883,0.045955973025971805,0.10152169934269277,0.06461320775887626
Preferred Stock Dividends,HSBC,0.11187970540019221,0.05430122927170815,0.10167612551633169,0.06483997878746005
Diluted NI Available to Com Stockholders,HSBC,0.10357491614025634,0.04804517773176785,0.10416114440247523,0.06573950386750903
Basic EPS,HSBC,0.10024280864262633,0.04605184684667786,0.10167474556167737,0.06481871922793914
Diluted EPS,HSBC,0.1002428086351992,0.04605184684667786,0.10167474556167737,0.06481871922793914
Basic Average Shares,HSBC,0.10082147047106138,0.04660343751706441,0.10247141044938607,0.06577158251926078
Diluted Average Shares,HSBC,0.1008250949113156,0.046607244660516044,0.10247555214752964,0.06577503132865382
Net Income from Continuing & Discontinued Operation,HSBC,0.10373846157959643,0.04821372025026549,0.1044195074771457,0.06605391244984758
Normalized Income,HSBC,0.10375600654419426,0.04931754285850057,0.10502626783296885,0.06655989176407782
Reconciled Depreciation,HSBC,0.10075765655576574,0.046586791685476595,0.10252004581901489,0.06605674708770488
Net Income from Continuing Operation Net Minority Interest,HSBC,0.10373846157959643,0.04821372025026549,0.1044195074771457,0.06605391244984758
Total Unusual Items Excluding Goodwill,HSBC,0.1002211205640342,0.0448935854773873,0.10104284014780733,0.06410462648331285
Total Unusual Items,HSBC,0.1002211205640342,0.0448935854773873,0.10104284014780733,0.06410462648331285
Tax Rate for Calcs,HSBC,0.1002428077885062,0.04605184634646923,0.10167474495028384,0.06481871900353031
Tax Effect of Unusual Items,HSBC,0.10023866552863205,0.04599740808562238,0.10153383017933158,0.06460092078486399
Total Revenue,MS,0.10776901739345111,0.05302836724817309,0.11280092395368871,0.07564420098054848
Net Interest Income,MS,0.1014653136611392,0.047347803535280064,0.10326140978671437,0.0663099747362901
Interest Income,MS,0.1077116799369704,0.049052403384356,0.10353081738976772,0.06721918482901819
Interest Income from Loans And Lease,MS,0.10208830146549192,0.04702280687347792,0.10250485959248845,0.06579714150394074
Interest Income from Loans,MS,0.10208830146549192,0.04702280687347792,0.10250485959248845,0.06579714150394074
Interest Income from Securities,MS,0.10150244931948164,0.04682300131568764,0.10262082714050848,0.06592871594448363
Interest Income from Federal Funds Sold And Securities Purchase Under Agreements To Resell,MS,0.10216688051854451,0.0464975878133616,0.10143847093237908,0.06477289235817067
Other Interest Income,MS,0.1026824719989709,0.046864546421236525,0.10199089457524321,0.06517659203301408
Interest Expense,MS,0.10648917406433739,0.04775644619554517,0.10194415255333718,0.06572792909625841
Interest Expense for Deposit,MS,0.10146323406427203,0.04630542433184285,0.10175540945222294,0.065043836493364
Interest Expense for Long Term Debt And Capital Securities,MS,0.10194168988635598,0.04675408368240253,0.10221217959034265,0.06558643342321498
Interest Expense for Federal Funds Sold And Securities Purchase Under Agreements To Resell,MS,0.10135999693408006,0.04636628304833252,0.10177217346851836,0.06505092308800725
Other Interest Expense,MS,0.1024526765451479,0.04648619417237495,0.10122862489310473,0.0645028931022631
Non Interest Income,MS,0.10654651152081811,0.05173241005936226,0.11121425911725817,0.07415294524778869
Fees And Commissions,MS,0.1033143723613258,0.048977788930577575,0.1060426587019839,0.06864406279195294
Fees & Commission Income,MS,0.10383070655491904,0.0494582671077951,0.10670158315425418,0.06933595064895491
Trust Fees by Commissions,MS,0.1031567686273205,0.04877214760545266,0.10561271098993685,0.0681900482951425
Securities Activities,MS,0.11187970540019221,0.05430122927170815,0.11183280180030235,0.06412683114652834
Other Customer Services,MS,0.10091674571610473,0.046737965848811666,0.10276361711460118,0.06596462135734273
Fees & Commission Expense,MS,0.10075914198209943,0.046532324523686754,0.10233366940255412,0.06551060686053228
Investment Banking Profit,MS,0.1009777967384197,0.04682980971091137,0.10384302254030463,0.0666314699132719
Trading Gain Loss,MS,0.10235345006605692,0.04776686720864272,0.1040023793069716,0.06790871048780575
Foreign Exchange Trading Gains,MS,0.10039937172407791,0.046272077089930704,0.10187354646117532,0.06503178928247048
Gain Losson Saleof Assets,MS,0.10032792271742706,0.04605393054908874,0.1019461247905484,0.06505163174747157
Gain on Sale of Security,MS,0.10032792271742706,0.04605393054908874,0.1019461247905484,0.06505163174747157
Other Non Interest Income,MS,0.1003876368560417,0.0460911683025573,0.10188025206769348,0.0649788760424676
Credit Losses Provision,MS,0.10016378310755349,0.046012941230905054,0.10167395605539935,0.06463895571941337
Non Interest Expense,MS,0.10575982973449194,0.05103184008552456,0.10892113891176683,0.07200405353213594
Occupancy And Equipment,MS,0.10052429607874186,0.04629208543507799,0.10201495586922016,0.06518698570515752
Professional Expense And Contract Services Expense,MS,0.10069705116135087,0.04647841314926211,0.10225320212433614,0.06533958370980868
Selling General and Administrative,MS,0.10397167351398692,0.049380734770349356,0.1066587856067706,0.06981169736933797
General & Administrative Expense,MS,0.1038382822292209,0.0492549878789723,0.10653197075408884,0.06970917796683238
Salaries and Wages,MS,0.1038382822292209,0.0492549878789723,0.10653197075408884,0.06970917796683238
Other G and A,MS,0.11187970540019221,0.05430122927170815,0.11183280180030235,0.06540100086338345
Selling & Marketing Expense,MS,0.10037619907327222,0.04617759323784629,0.10180155980296561,0.06492123840603589
Other Non Interest Expense,MS,0.10129523234593084,0.04703614577024278,0.10301843016229145,0.06612194375842272
Special Income Charges,MS,0.10006737893849653,0.04598654133105794,0.10158481093345198,0.06476415222477734
Restructuring & Mergers Acquisition,MS,0.10033876632966306,0.04611715136188052,0.10176467896711569,0.06487328578228328
Other Special Charges,MS,0.10032227809735901,0.05430122927170815,0.11183280180030235,0.07727821446788524
Pretax Income,MS,0.10199754191650301,0.04800946839355359,0.10555374109732121,0.06822453638907296
Tax Provision,MS,0.10062649341050024,0.04645618165465402,0.10257171843394898,0.06558383500517913
Net Income Common Stockholders,MS,0.10150987645115013,0.047516346053777705,0.1045475056721542,0.0672990271286654
Net Income,MS,0.10159261469793708,0.04758429105917371,0.10463980637363954,0.06741619216010035
Net Income Including Non-Controlling Interests,MS,0.10161385629450895,0.0476051330853688,0.10465676761365608,0.06745942038742414
Net Income Continuous Operations,MS,0.10161385629450895,0.0476051330853688,0.10465676761365608,0.06745942038742414
Net Income Discontinuous Operations,MS,0.11187970540019221,0.05430122927170815,0.11183280180030235,0.06481871900353031
Minority Interests,MS,0.10022156619193431,0.046031004320274134,0.1016577837102673,0.06477549077620653
Preferred Stock Dividends,MS,0.10032554603529314,0.04611979135186523,0.10176704565176917,0.06493588403496527
Diluted NI Available to Com Stockholders,MS,0.10150987645115013,0.047516346053777705,0.1045475056721542,0.0672990271286654
Basic EPS,MS,0.1002428085668696,0.04605184721210805,0.1016747465596294,0.06481872055077015
Diluted EPS,MS,0.10024280855795703,0.046051847200992306,0.10167474653399032,0.06481872052951036
Basic Average Shares,MS,0.10048463519563214,0.04628680545510857,0.1020267892924875,0.06519737937730094
Diluted Average Shares,MS,0.10048730896303279,0.046289862285617184,0.10203250878040006,0.06520233999355121
Interest Income after Provision for Loan Loss,MS,0.1013862889801865,0.04730889841971589,0.10326062089182989,0.06613021145217317
Net Income from Continuing & Discontinued Operation,MS,0.10159261469793708,0.04758429105917371,0.10463980637363954,0.06741619216010035
Normalized Income,MS,0.10172968478956114,0.04758429105917371,0.10463980637363954,0.0674584814136339
Total Money Market Investments,MS,0.10216688051854451,0.0464975878133616,0.10143847093237908,0.06477289235817067
Reconciled Depreciation,MS,0.10087500523612783,0.04660735581798909,0.10250624015853631,0.06570903151054308
Net Income from Continuing Operation Net Minority Interest,MS,0.10159261469793708,0.04758429105917371,0.10463980637363954,0.06741619216010035
Total Unusual Items Excluding Goodwill,MS,0.10006737893849653,0.04598654133105794,0.10158481093345198,0.06476415222477734
Total Unusual Items,MS,0.10006737893849653,0.04598654133105794,0.10158481093345198,0.06476415222477734
Tax Rate for Calcs,MS,0.1002428077885062,0.04605184634646923,0.10167474495028384,0.06481871900353031
Tax Effect of Unusual Items,MS,0.10020444903012059,0.04605184634646923,0.10167474495028384,0.0648064414783109
Total Revenue,RY,0.10859922217135463,0.052828978530906706,0.11144461642352925,0.07594561747270775
Net Interest Income,RY,0.10397553562245454,0.04920830174029529,0.10561961382017614,0.06974035898326265
Interest Income,RY,0.11316468000797378,0.05171684801313659,0.10722560658127668,0.07305877503487196
Interest Income from Loans And Lease,RY,0.10669891626265547,0.04974296918562006,0.10594542740747051,0.07035098722168877
Interest Income from Loans,RY,0.10669891626265547,0.04974296918562006,0.10594542740747051,0.07035098722168877
Interest Income from Securities,RY,0.10239845848396795,0.047033088939734166,0.10263660503819828,0.06635131320504235
Interest Income from Deposits,RY,0.1012606219123557,0.04628763913615637,0.1017348981852262,0.06489123848871284
Interest Income from Federal Funds Sold And Securities Purchase Under Agreements To Resell,RY,0.10353510671451324,0.04680868979103368,0.10193291080123319,0.06592139313001893
Interest Expense,RY,0.10943195217402543,0.04856039261931053,0.10328073771138438,0.06813713505513962
Interest Expense for Deposit,RY,0.10569120303787512,0.04754566383729214,0.10274921978295923,0.06689343769525045
Interest Expense for Long Term Debt And Capital Securities,RY,0.10034173718233044,0.046091863036763804,0.10171004799636477,0.06488486055353392
Other Interest Expense,RY,0.10388462753083226,0.04702655843819304,0.10217095983262806,0.06599627481341587
Non Interest Income,RY,0.10486649433740627,0.04967252313708065,0.10749974755363695,0.07102397749297543
Total Premiums Earned,RY,0.1010857872328795,0.04653954975943438,0.10277919778856985,0.06608509346627786
Fees And Commissions,RY,0.10302025794725371,0.04856275471561264,0.10510387378944079,0.06845272473658538
Fees & Commission Income,RY,0.10302025794725371,0.04856275471561264,0.10510387378944079,0.06845272473658538
Service Charge on Depositor Accounts,RY,0.10077577875703685,0.046536492928925775,0.10234293891744688,0.06556588229874957
Trust Fees by Commissions,RY,0.10208577624072464,0.04770517481110524,0.10391974256782129,0.06713674411133513
Securities Activities,RY,0.10046012566112614,0.04625762661843544,0.10197807503337024,0.06515863932658454
Credit Card,RY,0.10042700065388468,0.04621899939655387,0.1018873521216539,0.06504761601050707
Other Customer Services,RY,0.11187970540019221,0.05430122927170815,0.11183280180030235,0.06513076538765444
Investment Banking Profit,RY,0.10054063576841253,0.04633779894586589,0.10220567120754562,0.065366512769453
Trading Gain Loss,RY,0.10059812176752662,0.0461805111215136,0.10190806061237176,0.06511139536229625
Foreign Exchange Trading Gains,RY,0.1004347248708199,0.046196073167739264,0.10188498543700042,0.06505777346282905
Gain Losson Saleof Assets,RY,0.10027147651674656,0.046057821060645154,0.1017033423898466,0.06483997878746005
Gain on Sale of Security,RY,0.10027147651674656,0.046057821060645154,0.1017033423898466,0.06483997878746005
Other Non Interest Income,RY,0.10037233696480462,0.046109092445085084,0.10196308603056493,0.06502281292925571
Credit Losses Provision,RY,0.09987620456934966,0.04598459607527973,0.10182325441228908,0.06379092656043862
Non Interest Expense,RY,0.10539857405013671,0.04999432402153287,0.1075492507076387,0.07152523595407415
Occupancy And Equipment,RY,0.10083920646148573,0.046559419157740374,0.10237883363469116,0.06566131510661191
Net Occupancy Expense,RY,0.10048552645143236,0.046267769737850385,0.10198714732454188,0.0652108439071231
Equipment,RY,0.10059648779855956,0.04634349576635922,0.10206643126043313,0.06526919020301913
Professional Expense And Contract Services Expense,RY,0.10057301806248714,0.04626179502367446,0.10194119419752033,0.06513289136604743
Selling General and Administrative,RY,0.10365824855757677,0.048596101957524784,0.10570402557281657,0.06929154132252392
General & Administrative Expense,RY,0.10365824855757677,0.048596101957524784,0.10570402557281657,0.06929154132252392
Salaries and Wages,RY,0.10306081008616365,0.048348359739485786,0.10493662807392891,0.0684215437201551
Insurance & Claims,RY,0.10084024625991932,0.04629958856450823,0.10244214244917149,0.06568871660589913
Other G and A,RY,0.11187970540019221,0.05430122927170815,0.11183280180030235,0.06505234040693589
Depreciation Amortization Depletion,RY,0.100463690684327,0.04624206457220977,0.10192857187936849,0.06511942683622526
Depreciation & amortization,RY,0.100463690684327,0.04624206457220977,0.10192857187936849,0.06511942683622526
Amortization,RY,0.100463690684327,0.04624206457220977,0.10192857187936849,0.06511942683622526
Amortization of Intangibles,RY,0.100463690684327,0.04624206457220977,0.10192857187936849,0.06511942683622526
Other Non Interest Expense,RY,0.10083564143828486,0.0465423286962604,0.10229560522437747,0.06559493733678687
Income from Associates & Other Participating Interests,RY,0.10021027695179822,0.046067130499012295,0.10170038403402976,0.0648369079297813
Special Income Charges,RY,0.10018428199095851,0.04606323998745588,0.10167415327912047,0.06480690801245824
Gain on Sale of Business,RY,0.10025647371077621,0.04606574103059929,0.10167987276703302,0.06481682924495878
Restructuring & Mergers Acquisition,RY,0.1002992539891867,0.04605184634646923,0.11183280180030235,0.07727821446788524
Impairment of Capital Assets,RY,0.10025855330764338,0.04605434738961264,0.1016804644381964,0.06482864023603085
Pretax Income,RY,0.10298579605631193,0.04884592837818329,0.10574366754076218,0.06821768601425116
Tax Provision,RY,0.10077756126863728,0.04664959565774447,0.10257822681674603,0.06551603991642543
Net Income Common Stockholders,RY,0.10241494671627199,0.04821205288816988,0.10478713249331806,0.06745587709010252
Net Income,RY,0.10245000277774725,0.04824637275797114,0.10483781898964653,0.06751918400224882
Net Income Including Non-Controlling Interests,RY,0.10245104257618085,0.048248179066908044,0.10484018567430001,0.06752036510135603
Net Income Continuous Operations,RY,0.10245104257618085,0.048248179066908044,0.10484018567430001,0.06752036510135603
Minority Interests,RY,0.1002417679900726,0.04605004003753232,0.10167237826563036,0.0648175379044231
Preferred Stock Dividends,RY,0.10027786384998146,0.04608616621627048,0.10172543144661232,0.06488202591567661
Average Dilution Earnings,RY,0.11187970540019221,0.05430122927170815,0.10167474495028384,0.06482178986120905
Diluted NI Available to Com Stockholders,RY,0.10241494671627199,0.04821205288816988,0.10478713249331806,0.06745894794778125
Basic EPS,RY,0.10024280934968927,0.04605184788600023,0.10167474713552266,0.06481872085549371
Diluted EPS,RY,0.10024280934820384,0.046051847883221295,0.10167474713157819,0.06481872085076931
Basic Average Shares,RY,0.10044943356237618,0.046246879636048205,0.10195565917689862,0.0651550759505781
Diluted Average Shares,RY,0.10044965771320993,0.0462472103295305,0.10195613093603954,0.06515622279781119
Interest Income after Provision for Loan Loss,RY,0.103608932403298,0.049141051469105794,0.10576812328218138,0.06871256654017097
Net Income from Continuing & Discontinued Operation,RY,0.10245000277774725,0.04824637275797114,0.10483781898964653,0.06751918400224882
Normalized Income,RY,0.10249711604477313,0.04823741735615563,0.10483827930981163,0.06752766429383857
Total Money Market Investments,RY,0.10455292083836275,0.04704448258072082,0.10199306403617556,0.06599391261520146
Reconciled Depreciation,RY,0.10066912514627736,0.04642033336959846,0.10218594883543336,0.06544422909070724
Net Income from Continuing Operation Net Minority Interest,RY,0.10245000277774725,0.04824637275797114,0.10483781898964653,0.06751918400224882
Total Unusual Items Excluding Goodwill,RY,0.10018428199095851,0.04606323998745588,0.10167415327912047,0.06480690801245824
Total Unusual Items,RY,0.10018428199095851,0.04606323998745588,0.10167415327912047,0.06480690801245824
Tax Rate for Calcs,RY,0.1002428077885062,0.04605184634646923,0.10167474495028384,0.06481871900353031
Tax Effect of Unusual Items,RY,0.1002313952579844,0.04605428458564037,0.10167461359928556,0.06481538830404798
Total Revenue,GS,0.10711349875239043,0.052633063484672844,0.11337780333797202,0.0753444380271393
Net Interest Income,GS,0.10118620205303745,0.047118680193975346,0.10295078242594642,0.06594099937519858
Interest Income,GS,0.11042020631383434,0.05008463946837827,0.10406509645028857,0.06805233213924214
Interest Income from Loans And Lease,GS,0.10245683573888226,0.047310565781811496,0.10272377792293443,0.06597218039162885
Interest Income from Loans,GS,0.10245683573888226,0.047310565781811496,0.10272377792293443,0.06597218039162885
Interest Income from Securities,GS,0.10207225886108799,0.047064213032185505,0.10291824051196122,0.06643375392272542
Interest Income from Deposits,GS,0.10186920108127154,0.04650106148439412,0.1016700115809769,0.06487659285978346
Interest Income from Federal Funds Sold And Securities Purchase Under Agreements To Resell,GS,0.10267964968893688,0.046672660833400374,0.10148146570358378,0.0648853329931768
Other Interest Income,GS,0.10231349209768045,0.04674352372246369,0.10197058053196759,0.06515934798604886
Interest Expense,GS,0.1094768120493031,0.04901780562087215,0.10278905897462598,0.06693005176757387
Interest Expense for Deposit,GS,0.10276951798212558,0.04686093380336271,0.10193172745890645,0.06538233949748957
Interest Expense for Short Term Debt,GS,0.100439181149821,0.04612701658761286,0.10177868185131539,0.06494675014675157
Interest Expense for Long Term Debt And Capital Securities,GS,0.10188925433677647,0.04684606649134354,0.10231197479323065,0.0657997399219766
Interest Expense for Federal Funds Sold And Securities Purchase Under Agreements To Resell,GS,0.10213004194546882,0.04644200907684135,0.10167474495028384,0.06496021467657373
Other Interest Expense,GS,0.10322004778913602,0.0469491650475886,0.101790909722025,0.06511588353890364
Non Interest Income,GS,0.10617010448785917,0.05156622963716673,0.11210176586230944,0.07422215765547104
Fees And Commissions,GS,0.10222154420762458,0.04786357421018794,0.10399429313440559,0.06730493262420144
Fees & Commission Income,GS,0.10222154420762458,0.04786357421018794,0.10399429313440559,0.06730493262420144
Trust Fees by Commissions,GS,0.10165871616978661,0.04730306265238127,0.1032862599755758,0.06646895067612019
Other Customer Services,GS,0.10080563582634416,0.04661235790427591,0.10238277810911361,0.06565470095161156
Investment Banking Profit,GS,0.10116644588279927,0.047074495098441756,0.10446269947207154,0.06696831937864739
Trading Gain Loss,GS,0.10284779994991143,0.047111454958227716,0.10588448527764366,0.07036893992811831
Foreign Exchange Trading Gains,GS,0.10066273781304247,0.047672244409717,0.10278452282904016,0.06403635895491627
Gain Losson Saleof Assets,GS,0.1002428077885062,0.04605184634646923,0.10167474495028384,0.06481871900353031
Gain on Sale of Security,GS,0.1002428077885062,0.04605184634646923,0.10167474495028384,0.06481871900353031
Other Non Interest Income,GS,0.11187970540019221,0.05430122927170815,0.10397654299950457,0.06481848278370887
Credit Losses Provision,GS,0.1000901059614021,0.04567460567233806,0.1016043360818431,0.06408690999670474
Non Interest Expense,GS,0.10511411490723364,0.050258323020004034,0.10794547316337381,0.07081681270957128
Occupancy And Equipment,GS,0.10039922318144454,0.04619440580564366,0.10186822142070501,0.06504549003211409
Net Occupancy Expense,GS,0.10039922318144454,0.04619440580564366,0.10186822142070501,0.06504549003211409
Professional Expense And Contract Services Expense,GS,0.1004838924824653,0.046314039036003486,0.10199976964269372,0.06512722209033282
Selling General and Administrative,GS,0.10263850337949346,0.04826943793362704,0.10527841678263421,0.06805729275549241
General & Administrative Expense,GS,0.10254507006310389,0.04815661309849094,0.10516935206485346,0.0679625686070944
Salaries and Wages,GS,0.10254507006310389,0.04815661309849094,0.10516935206485346,0.0679625686070944
Other G and A,GS,0.11187970540019221,0.05430122927170815,0.11183280180030235,0.06611509338360091
Selling & Marketing Expense,GS,0.10033624110489577,0.046164671181605325,0.10178380966806458,0.06491344315192833
Depreciation Amortization Depletion,GS,0.10096413081614967,0.04639296084186224,0.10207215074834568,0.06526800910391192
Depreciation & amortization,GS,0.10096413081614967,0.04639296084186224,0.10207215074834568,0.06526800910391192
Other Non Interest Expense,GS,0.10159959620170546,0.04729486478874453,0.10342589437013054,0.06659367474184127
Special Income Charges,GS,0.09999132511021121,0.04592818365771168,0.10164654195816332,0.06397068984455555
Impairment of Capital Assets,GS,0.10047720806396365,0.04609547565463762,0.10170294794240435,0.0648591125929968
Loss on Extinguishment of Debt,GS,0.11187970540019221,0.04605184634646923,0.10167474495028384,0.06481848278370887
Other Special Charges,GS,0.10025989019134371,0.04613187972705838,0.10178006241736325,0.06562659079286003
Pretax Income,GS,0.1018380071282639,0.047925683448249316,0.1070084632643208,0.067766506155298
Tax Provision,GS,0.10057301806248714,0.0463610030683631,0.10274152805783546,0.06553210286428345
Net Income Common Stockholders,GS,0.10141733439056078,0.047547470146229044,0.1058462238757459,0.06692461871168072
Net Income,GS,0.10150779685428295,0.04761652672635545,0.10594168015676918,0.06705312229454487
Net Income Including Non-Controlling Interests,GS,0.10150779685428295,0.04761652672635545,0.10594168015676918,0.06705312229454487
Net Income Continuous Operations,GS,0.10150779685428295,0.04761652672635545,0.10594168015676918,0.06705312229454487
Preferred Stock Dividends,GS,0.10033327025222837,0.04612090292659563,0.10177020123130713,0.06494722258639446
Diluted NI Available to Com Stockholders,GS,0.10141733439056078,0.047547470146229044,0.1058462238757459,0.06692461871168072
Basic EPS,GS,0.11187970540019221,0.04605185057323214,0.10167475683301304,0.06481872489485266
Diluted EPS,GS,0.11187970540019221,0.04605185052321128,0.10167475667523405,0.0648187248476087
Basic Average Shares,GS,0.11187970540019221,0.04610076952929117,0.10174387186453727,0.06490290774789204
Diluted Average Shares,GS,0.11187970540019221,0.04610160321033898,0.10174491715025923,0.06490382900519566
Interest Income after Provision for Loan Loss,GS,0.10103350022593335,0.04674143951984418,0.10288037355750569,0.06520919036837301
Net Income from Continuing & Discontinued Operation,GS,0.10150779685428295,0.04761652672635545,0.10594168015676918,0.06705312229454487
Normalized Income,GS,0.10170722261817088,0.047719785071468,0.1059642425504656,0.06769592272777201
Total Money Market Investments,GS,0.10430604298170223,0.047121875971325264,0.10147673233427684,0.06494320684942995
Reconciled Depreciation,GS,0.10096413081614967,0.04639296084186224,0.10207215074834568,0.06526800910391192
Net Income from Continuing Operation Net Minority Interest,GS,0.10150779685428295,0.04761652672635545,0.10594168015676918,0.06705312229454487
Total Unusual Items Excluding Goodwill,GS,0.09999132511021121,0.04592818365771168,0.10164654195816332,0.06397068984455555
Total Unusual Items,GS,0.09999132511021121,0.04592818365771168,0.10164654195816332,0.06397068984455555
Tax Rate for Calcs,GS,0.1002428077885062,0.04605184634646923,0.10167474495028384,0.06481871900353031
Tax Effect of Unusual Items,GS,0.10019075087409914,0.04603144200282423,0.10166910435185973,0.06461349027778271
Total Revenue,SCHW,0.10304090537329211,0.04893666066555259,0.10532732826547259,0.06758036493600215
Net Interest Income,SCHW,0.1016431191932828,0.04753607650524239,0.10325845143089753,0.06626273077200182
Interest Income,SCHW,0.10263597815472618,0.047750749375051846,0.10335232992215185,0.06636147065736434
Interest Income from Loans And Lease,SCHW,0.10048998273043346,0.0462023257755978,0.10179702365737979,0.0649474588062159
Interest Income from Loans,SCHW,0.10048998273043346,0.0462023257755978,0.10179702365737979,0.0649474588062159
Interest Income from Securities,SCHW,0.10111311907741953,0.04686148959072791,0.10259006024001337,0.06589044833341011
Interest Income from Federal Funds Sold And Securities Purchase Under Agreements To Resell,SCHW,0.10030504715188812,0.04611729030872182,0.10181674602949203,0.06489761642389175
Other Interest Income,SCHW,0.10145625256050365,0.04672518273941201,0.10217273484611815,0.06508210410443752
Interest Expense,SCHW,0.10123566674994958,0.04626651921627868,0.10176862344153814,0.06491745888889283
Interest Expense for Deposit,SCHW,0.10074235666452865,0.04615230491272957,0.10168539503122445,0.06484068744692437
Interest Expense for Short Term Debt,SCHW,0.10029851127601985,0.04605851579485166,0.10167651996377394,0.06481871900353031
Interest Expense for Long Term Debt And Capital Securities,SCHW,0.1006178779377648,0.0461357702386148,0.10175047885919487,0.06488698653192689
Interest Expense for Federal Funds Sold And Securities Purchase Under Agreements To Resell,SCHW,0.10026464355561154,0.04605851579485166,0.10167947831959077,0.06482651425763788
Other Interest Expense,SCHW,0.1002835084700495,0.0460687978611079,0.10167573106888944,0.06481942766299463
Non Interest Income,SCHW,0.1016405939685155,0.04745243050677943,0.1037436217848589,0.06613635316753065
Fees And Commissions,SCHW,0.10105399910933838,0.046833422328785186,0.1027770283276375,0.06572344091965102
Fees & Commission Income,SCHW,0.10105399910933838,0.046833422328785186,0.1027770283276375,0.06572344091965102
Service Charge on Depositor Accounts,SCHW,0.10034753034503187,0.046247622445861794,0.10193409414355993,0.06490257704014202
Trust Fees by Commissions,SCHW,0.1009492765528127,0.04663764622939262,0.10251767913436141,0.06563958288303931
Trading Gain Loss,SCHW,0.10072260049429048,0.04656219809456639,0.10249361784038447,0.06515320627069139
Gain Losson Saleof Assets,SCHW,0.1002428077885062,0.04605184634646923,0.10167474495028384,0.06481871900353031
Gain on Sale of Security,SCHW,0.1002428077885062,0.04605184634646923,0.10167474495028384,0.06481871900353031
Other Non Interest Income,SCHW,0.10034960994189904,0.04616050277636631,0.10182246551740459,0.06489714398424887
Non Interest Expense,SCHW,0.10209350045765986,0.047632227719422424,0.10380614170445472,0.06656461970380398
Occupancy And Equipment,SCHW,0.10042908025075185,0.04621510888499745,0.1018672353020994,0.06498478153800365
Professional Expense And Contract Services Expense,SCHW,0.10039996589461138,0.046195239486691464,0.1018707853290796,0.06501785231300544
Selling General and Administrative,SCHW,0.10123982594368393,0.04693485352293463,0.10284526773514589,0.06582973983929966
General & Administrative Expense,SCHW,0.10118085451823614,0.04687663479642968,0.10274961423040148,0.06575273217750975
Salaries and Wages,SCHW,0.10118085451823614,0.04687663479642968,0.10274961423040148,0.06575273217750975
Other G and A,SCHW,0.11187970540019221,0.05430122927170815,0.10184475179789143,0.0649406084313941
Selling & Marketing Expense,SCHW,0.10030177921395399,0.04611006507297419,0.10177039845502825,0.06489572666532022
Depreciation Amortization Depletion,SCHW,0.10044155783195491,0.046225252004412395,0.10190431336167043,0.06496139577568094
Depreciation & amortization,SCHW,0.10044155783195491,0.046225252004412395,0.10190431336167043,0.06496139577568094
Depreciation,SCHW,0.10036223606573547,0.04614243968699723,0.10178302077318009,0.06491651400960707
Amortization,SCHW,0.10032212955472564,0.046134658663884394,0.10179603753877417,0.06486360076960418
Amortization of Intangibles,SCHW,0.10032212955472564,0.046134658663884394,0.10179603753877417,0.06486360076960418
Other Non Interest Expense,SCHW,0.10055430169068255,0.04626915920626339,0.10201751977759474,0.06504572625193553
Pretax Income,SCHW,0.10119021270413843,0.0473562792925994,0.1031959315113017,0.06583446423572849
Tax Provision,SCHW,0.10043754718085393,0.04635822413153708,0.10204118662412945,0.06505517504479319
Net Income Common Stockholders,SCHW,0.10093338249104214,0.04697375863849881,0.10273186409550045,0.06553753592017661
Net Income,SCHW,0.10099547331179069,0.04704990150753154,0.10282948983745609,0.06559800819446561
Net Income Including Non-Controlling Interests,SCHW,0.10099547331179069,0.04704990150753154,0.10282948983745609,0.06559800819446561
Net Income Continuous Operations,SCHW,0.10099547331179069,0.04704990150753154,0.10282948983745609,0.06559800819446561
Preferred Stock Dividends,SCHW,0.10030489860925475,0.046127989215501965,0.10177237069223947,0.06487919127781933
Diluted NI Available to Com Stockholders,SCHW,0.10093338249104214,0.04697375863849881,0.10273186409550045,0.06553753592017661
Basic EPS,SCHW,0.1002428081672899,0.04605184683556211,0.1016747455103992,0.06481871950667853
Diluted EPS,SCHW,0.10024280816580448,0.046051846832783176,0.10167474550842696,0.06481871950431634
Basic Average Shares,SCHW,0.10051374955177261,0.046313761142320886,0.102046906112042,0.06515627712837012
Diluted Average Shares,SCHW,0.1005147893502062,0.04631501166389259,0.10204887834925322,0.06515769444729877
Interest Income after Provision for Loan Loss,SCHW,0.1016431191932828,0.04753607650524239,0.10325845143089753,0.06626273077200182
Net Income from Continuing & Discontinued Operation,SCHW,0.10099547331179069,0.04704990150753154,0.10282948983745609,0.06559800819446561
Normalized Income,SCHW,0.10099547331179069,0.04704990150753154,0.10282948983745609,0.06559800819446561
Total Money Market Investments,SCHW,0.10030504715188812,0.04611729030872182,0.10181674602949203,0.06489761642389175
Reconciled Depreciation,SCHW,0.10044155783195491,0.046225252004412395,0.10190431336167043,0.06496139577568094
Net Income from Continuing Operation Net Minority Interest,SCHW,0.10099547331179069,0.04704990150753154,0.10282948983745609,0.06559800819446561
Tax Rate for Calcs,SCHW,0.1002428077885062,0.04605184634646923,0.10167474495028384,0.06481871900353031
Tax Effect of Unusual Items,SCHW,0.1002428077885062,0.04605184634646923,0.10167474495028384,0.06481871900353031
Total Revenue,MUFG,1.0,0.6995638597598414,1.0,0.6302467670364689
Net Interest Income,MUFG,0.5349095984387575,0.9999999999999999,0.47738060864818127,0.6760233337939621
Interest Income,MUFG,0.8873613094567885,0.2766145379802159,0.6299755600364785,0.9469296738158596
Interest Income from Loans And Lease,MUFG,0.5205072017924937,0.22370219134452882,0.4576014361042477,0.19402340229771023
Interest Income from Loans,MUFG,0.5205072017924937,0.05425971415577914,0.4576014361042477,0.07727821446788524
Interest Income from Securities,MUFG,0.315995189595361,0.2312510342855499,0.19430934619547552,0.13534238291469275
Interest Income from Deposits,MUFG,0.1543726346442419,0.12163225856562118,0.112609814167921,0.5385488307709388
Interest Income from Federal Funds Sold And Securities Purchase Under Agreements To Resell,MUFG,0.12333361160319986,0.05430122927170815,0.11738893937816149,0.06576430694876038
Other Interest Income,MUFG,0.17412390297551691,0.084157183892115,0.1547650039918081,0.07727821446788524
Interest Expense,MUFG,0.4526945188065372,0.25614294406403115,0.25426969633858104,0.07249609942019845
Interest Expense for Deposit,MUFG,0.27419558965038116,0.415627656924131,0.1658756023212443,0.4740764100256417
Interest Expense for Short Term Debt,MUFG,0.11232660247050166,0.3362589980237591,0.10388759510127832,0.5073167908592378
Interest Expense for Long Term Debt And Capital Securities,MUFG,0.162137552261012,0.05430122927170815,0.16034899920794954,0.09680618990420106
Interest Expense for Federal Funds Sold And Securities Purchase Under Agreements To Resell,MUFG,0.1680366258600247,0.05430122927170815,0.11715818762444816,0.07727821446788524
Other Interest Expense,MUFG,0.13696937971864243,0.2863048296393621,0.11369829188479609,0.14893447144043304
Non Interest Income,MUFG,0.5653332093497487,0.05430122927170815,0.6242941363021025,0.07727821446788524
Fees And Commissions,MUFG,0.35208273111674054,0.07835295749046442,0.3774341351660939,0.07727821446788524
Fees & Commission Income,MUFG,0.4009027530000413,0.04605184634646923,0.4381352576057356,0.06481871900353031
Service Charge on Depositor Accounts,MUFG,0.11187970540019221,0.04605184634646923,0.41043538319780115,0.07727821446788524
Trust Fees by Commissions,MUFG,0.12113339811772718,0.2171209742063252,0.12937461935821823,0.2662121797302134
Credit Card,MUFG,0.11187970540019221,0.0,0.14104553027936345,0.9299343663226125
Other Customer Services,MUFG,0.38001216267082033,0.05430122927170815,0.41043538319780115,0.07727821446788524
Fees & Commission Expense,MUFG,0.14906282967180695,0.05430122927170815,0.1623758673899255,0.7467154224378122
Dividend Income,MUFG,0.11187970540019221,0.4471502489163188,0.12522069334393607,0.7136767733317271
Trading Gain Loss,MUFG,0.15570075432920077,0.04605184634646923,0.17071586688503276,0.07727821446788524
Foreign Exchange Trading Gains,MUFG,0.11187970540019221,0.4471502489163188,0.12126635773542989,0.7136767733317271
Gain Losson Saleof Assets,MUFG,0.1002428077885062,0.05430122927170815,0.10167474495028384,0.07727821446788524
Gain on Sale of Security,MUFG,0.1002428077885062,0.05430122927170815,0.10167474495028384,0.07727821446788524
Gain on Saleof Loans,MUFG,0.11187970540019221,0.05430122927170815,0.10521017737512582,0.07727821446788524
Other Non Interest Income,MUFG,0.25803533948081975,0.1538230459176237,0.27949362415154355,0.18978113052444345
Credit Losses Provision,MUFG,0.0,0.10741007673061417,0.0,0.20019889708965372
Non Interest Expense,MUFG,0.8113893281624653,0.1432464123578209,0.7540600475230278,0.07999088191489237
Occupancy And Equipment,MUFG,0.11187970540019221,0.05430122927170815,0.13680167024824944,0.0724946821012698
Net Occupancy Expense,MUFG,0.11187970540019221,0.05430122927170815,0.13680167024824944,0.07727821446788524
Selling General and Administrative,MUFG,0.5413141626191276,0.037419773830668544,0.6360620812940401,0.6662981637452181
General & Administrative Expense,MUFG,0.5413141626191276,0.1009766990315544,0.6360620812940401,0.13176577859824795
Salaries and Wages,MUFG,0.11184562142365043,0.20317849236285632,0.34888698765221726,0.554085953306428
Insurance & Claims,MUFG,0.11187970540019221,0.3449231672599002,0.11952921119978288,0.34980541392208764
Other G and A,MUFG,0.5413141626191276,0.2136838461930719,0.6360620812940401,0.04598255044179013
Depreciation Amortization Depletion,MUFG,0.11187970540019221,0.05430122927170815,0.10167474495028384,0.07727821446788524
Depreciation & amortization,MUFG,0.11187970540019221,0.20317849236285632,0.10167474495028384,0.06481875427823625
Depreciation,MUFG,0.11187970540019221,0.046051867045380175,0.11889336192288394,0.06481873980268558
Amortization,MUFG,0.11187970540019221,0.047828329093370474,0.10167474495028384,0.06778047099870198
Amortization of Intangibles,MUFG,0.11187970540019221,0.31556828493884326,0.10167474495028384,0.46923957296180685
Other Non Interest Expense,MUFG,0.37031797333184396,0.20317849236285632,0.21967271117927162,0.4397227813939096
Income from Associates & Other Participating Interests,MUFG,0.1634965688137118,0.05430122927170815,0.16513364668238145,0.08432149990137823
Special Income Charges,MUFG,0.18182242203517074,0.0965242864489175,0.09946564204999069,0.554085953306428
Gain on Sale of Business,MUFG,0.19978241475064,0.1256838095111058,0.0999610680374504,0.053532372154879895
Restructuring & Mergers Acquisition,MUFG,0.11187970540019221,0.03941310521596716,0.10167474495028384,0.06481871900353031
Impairment of Capital Assets,MUFG,0.10294138180893438,0.058414257780015744,0.10980825120937585,0.06203099133191366
Total Revenue,C,0.11190132491116409,0.05651523823061202,0.11585256659061718,0.08265189820343016
Net Interest Income,C,0.10839779836050525,0.052814111218887544,0.11005556975566347,0.07538979223285605
Interest Income,C,0.12003730202609182,0.05639060291396537,0.11162961227394216,0.07854049221124194
Interest Income from Loans And Lease,C,0.10883867289634666,0.05178229197538918,0.10866435362686533,0.07431121252815445
Interest Income from Loans,C,0.10883867289634666,0.05178229197538918,0.10866435362686533,0.07431121252815445
Interest Income from Securities,C,0.10510876737243234,0.048640703893582285,0.10418993906575912,0.06815272556335475
Interest Income from Deposits,C,0.10191212990231541,0.04667919133494151,0.10178854303737152,0.06503793099782797
Interest Income from Federal Funds Sold And Securities Purchase Under Agreements To Resell,C,0.10423667357191856,0.047045872049133824,0.1018822243049047,0.06535800885588111
Other Interest Income,C,0.10091228943710363,0.04644992904679549,0.10180353204017684,0.0649554902801449
Interest Expense,C,0.11188231145409276,0.04962833804154705,0.10324878746856253,0.0679694189819162
Interest Expense for Deposit,C,0.10563490537982798,0.04765793288506304,0.1022459048466546,0.06607871553109894
Interest Expense for Short Term Debt,C,0.10134766789551036,0.046397546087625155,0.10169860902053966,0.06496753749103842
Interest Expense for Long Term Debt And Capital Securities,C,0.1016916926343947,0.046857876972854096,0.10235911126257892,0.06592162934984037
Interest Expense for Federal Funds Sold And Securities Purchase Under Agreements To Resell,C,0.10342741330532018,0.04667085452446347,0.1018743353560598,0.06530934757266417
Other Interest Expense,C,0.10075186339306431,0.04625151295741821,0.10176980678386488,0.06496706505139553
Non Interest Income,C,0.10374633433916503,0.0497529733581937,0.10747174178523755,0.07208082497410441
Total Premiums Earned,C,0.10025721642394306,0.046064490509027584,0.10169328398006935,0.06484824648121049
Fees And Commissions,C,0.10171531091310049,0.047411302241754445,0.10394557887528832,0.06723973595348359
Fees & Commission Income,C,0.10171531091310049,0.047411302241754445,0.10394557887528832,0.06723973595348359
Service Charge on Depositor Accounts,C,0.10111059385265225,0.046855514876551985,0.10289516533658988,0.06644320271558307
Trust Fees by Commissions,C,0.10044720245202296,0.04623942458222506,0.10196348047800718,0.06563887422357498
Securities Activities,C,0.10058683252739052,0.04640560500442059,0.10231296091183625,0.06551792967499696
Credit Card,C,0.10023656899790466,0.04601822121087448,0.10173016481591926,0.06481399460710148
Other Customer Services,C,0.10030534423715486,0.04609992195355924,0.1017427871340711,0.06492076596639301
Fees & Commission Expense,C,0.11187970540019221,0.05430122927170815,0.11183280180030235,0.0668674535148919
Dividend Income,C,0.11187970540019221,0.05430122927170815,0.11183280180030235,0.06485037245960347
Investment Banking Profit,C,0.10064030787540364,0.04648035840504033,0.10285946784306671,0.06587769246305228
Trading Gain Loss,C,0.10106112915574013,0.04710228446670187,0.10275809485040974,0.06693572104328847
Foreign Exchange Trading Gains,C,0.10105073117140424,0.046968756552211985,0.10259400471443582,0.06598162918448651
Gain Losson Saleof Assets,C,0.10022572538566868,0.045987930799470944,0.10176527063827906,0.06519218254122923
Gain on Sale of Security,C,0.10022572538566868,0.045987930799470944,0.10176527063827906,0.06519218254122923
Other Non Interest Income,C,0.10025276014494197,0.04604892846280192,0.10190451058539154,0.06491793132853571
Credit Losses Provision,C,0.098887653344274,0.04534155009374049,0.10244214244917149,0.06071439960598535
Non Interest Expense,C,0.10851247327346669,0.053191768733542616,0.11120242569399082,0.07532743019999552
Occupancy And Equipment,C,0.10061535271299751,0.04637420301828665,0.1021311206409613,0.06536981984695318
Equipment,C,0.11187970540019221,0.05430122927170815,0.11183280180030235,0.07727821446788524
Selling General and Administrative,C,0.10480484914455783,0.049984736689483125,0.10694850725309955,0.0703802784795475
General & Administrative Expense,C,0.10459792925627379,0.04976853540441937,0.10665464390862703,0.07009279895685327
Salaries and Wages,C,0.10458500604717061,0.04975547440133711,0.10663176595697682,0.07006610611703039
Insurance & Claims,C,0.10025573099760936,0.04606490734955149,0.10169762290193404,0.0648454118433532
Other G and A,C,0.11187970540019221,0.05430122927170815,0.11183280180030235,0.06656272994523244
Selling & Marketing Expense,C,0.10044972767679025,0.046268047631532985,0.10196860829475636,0.06510619852622454
Other Non Interest Expense,C,0.10357788699292374,0.04893652171871129,0.10547228770049763,0.06921476988055546
Special Income Charges,C,0.10012679599184442,0.04605184634646923,0.10167474495028384,0.07727821446788524
Restructuring & Mergers Acquisition,C,0.10035881958516797,0.04605184634646923,0.10167474495028384,0.07727821446788524
Pretax Income,C,0.10216049318530962,0.04866501959080989,0.10709228334579786,0.06803886760941998
Tax Provision,C,0.10076686619903466,0.04655789074248607,0.1027498114541226,0.06541517405266994
Net Income Common Stockholders,C,0.1014088674604587,0.04795541807228765,0.10576871495334475,0.06715233461955027
Net Income,C,0.10161355920924221,0.04811451220557685,0.10600420007636502,0.06742823937099386
Net Income Including Non-Controlling Interests,C,0.10163628623214778,0.04812687847445261,0.10601859740800695,0.06743768816385153
Net Income Continuous Operations,C,0.10163643477478115,0.04815897519479305,0.1060172168419591,0.06744241256028036
Net Income Discontinuous Operations,C,0.10024265924587282,0.046019749626128786,0.10167612551633169,0.06481399460710148
Minority Interests,C,0.10022008076560063,0.046039480077593474,0.10166034761864189,0.06480927021067265
Preferred Stock Dividends,C,0.10042076186328315,0.046195239486691464,0.10187985762025124,0.06507737970800868
Average Dilution Earnings,C,0.10025127471860827,0.046057543166962554,0.10168085888563863,0.06482580559817355
Diluted NI Available to Com Stockholders,C,0.10141733439056078,0.04796111489278097,0.10577482888869955,0.06715942121419351
Basic EPS,C,0.10024280839307471,0.04605184732465499,0.10167474708030003,0.06481872029092833
Diluted EPS,C,0.10024280838861843,0.04605184731909712,0.10167474695013237,0.06481872015392084
Basic Average Shares,C,0.10052950992517314,0.04632233416242913,0.10207570077532588,0.06531142630709286
Diluted Average Shares,C,0.10053332747085074,0.046324779626836024,0.1020789352443523,0.0653145444087359
Interest Income after Provision for Loan Loss,C,0.10704264391627306,0.052103814966158804,0.11082296725455112,0.07128547283531109
Net Income from Continuing & Discontinued Operation,C,0.10161355920924221,0.04811451220557685,0.10600420007636502,0.06742823937099386
Normalized Income,C,0.10169804832804868,0.048146608925917295,0.10600281951031716,0.0674329637674227
Total Money Market Investments,C,0.10590599568572777,0.0476732170376061,0.10199602239199239,0.06557722085017877
Reconciled Depreciation,C,0.10092016219667224,0.04664403778409245,0.10245653978081344,0.06574871644054525
Net Income from Continuing Operation Net Minority Interest,C,0.10161370775187559,0.048146608925917295,0.10600281951031716,0.0674329637674227
Total Unusual Items Excluding Goodwill,C,0.10012679599184442,0.04605184634646923,0.10167474495028384,0.07727821446788524
Total Unusual Items,C,0.10012679599184442,0.04605184634646923,0.10167474495028384,0.07727821446788524
Tax Rate for Calcs,C,0.1002428077885062,0.04605184634646923,0.10167474495028384,0.06481871900353031
Tax Effect of Unusual Items,C,0.10021113656801753,0.04605184634646923,0.10167474495028384,0.06481871900353031
Total Revenue,TD,0.10810502083013349,0.052410331698067955,0.11001060274724754,0.07504325775480147
Net Interest Income,TD,0.10469076840212987,0.04985245929656494,0.10643395056469095,0.07060539596938119
Interest Income,TD,0.11222633619297709,0.05175311313871605,0.10750881984480859,0.07328318386524132
Interest Income from Loans And Lease,TD,0.10685562874086055,0.04990359173416357,0.10640002808465787,0.07151248008371631
Interest Income from Loans,TD,0.10685562874086055,0.04990359173416357,0.10640002808465787,0.07151248008371631
Interest Income from Securities,TD,0.10340943964668244,0.04740657804915022,0.10272298902804994,0.06650674584755083
Interest Income from Deposits,TD,0.10244688338244648,0.046546636048340716,0.10173529263266845,0.06490139594103482
Other Interest Income,TD,0.11187970540019221,0.05430122927170815,0.1019891195617531,0.06522359977748093
Interest Expense,TD,0.10777837557935341,0.04795250018862034,0.10274961423040148,0.06749650689939043
Interest Expense for Deposit,TD,0.10593956632086933,0.04740630015546762,0.10241275611472424,0.06681406783524613
Interest Expense for Long Term Debt And Capital Securities,TD,0.10194124425845587,0.046562614935090285,0.10181615435832866,0.06500887595979067
Other Interest Expense,TD,0.1003831805770406,0.046087277791000886,0.10187019365791623,0.06531100111141426
Non Interest Income,TD,0.1036570602165098,0.04860971874797224,0.10525139713284043,0.06925658078895058
Total Premiums Earned,TD,0.10108519306234602,0.046799380352666536,0.10263660503819828,0.06589706248841047
Fees And Commissions,TD,0.10207047634948754,0.047757974610799475,0.10393867604504904,0.06744690073688774
Fees & Commission Income,TD,0.10213821179030415,0.04781466492205013,0.10402289057396835,0.06753241231224955
Service Charge on Depositor Accounts,TD,0.10089713808849993,0.04667516187654379,0.10248493999665508,0.06702359481686468
Trust Fees by Commissions,TD,0.10063525742586907,0.046442703811047856,0.10222992972524368,0.07727821446788524
Securities Activities,TD,0.10065590485190745,0.04639893555603816,0.10217727099170397,0.07727821446788524
Credit Card,TD,0.10067833478954628,0.046453402717828,0.10215498471121713,0.06532753649891516
Fees & Commission Expense,TD,0.1003105432293228,0.04610853665771988,0.10175895947920315,0.06490423057889211
Dividend Income,TD,0.11187970540019221,0.05430122927170815,0.1019891195617531,0.06522359977748093
Investment Banking Profit,TD,0.10039090479397583,0.04612937868391497,0.1018356795067198,0.07727821446788524
Trading Gain Loss,TD,0.10060183533336087,0.04601613700825497,0.10173647597499517,0.06515037163283409
Gain Losson Saleof Assets,TD,0.1002428077885062,0.04605184634646923,0.10167474495028384,0.06484446696406743
Gain on Sale of Security,TD,0.1002428077885062,0.04605184634646923,0.10167474495028384,0.06484446696406743
Other Non Interest Income,TD,0.1004798818313643,0.0461142334782132,0.10180294036901347,0.06519265498087211
Credit Losses Provision,TD,0.09980713224483273,0.045903590066801475,0.10171892306381528,0.06310801505665142
Non Interest Expense,TD,0.10517590864271546,0.04979062795218617,0.10664537439373427,0.07050476632544714
Occupancy And Equipment,TD,0.10085287238375575,0.04654677499518202,0.1023800169770179,0.06567477963643407
Net Occupancy Expense,TD,0.10051003598593837,0.04628249810302825,0.10204591999343639,0.06528879644819877
Equipment,TD,0.10058564418632357,0.046316123238623,0.10200884193386535,0.06520470219176562
Professional Expense And Contract Services Expense,TD,0.10061267894559686,0.04635613992891757,0.1019942473785023,0.06516147396444184
Selling General and Administrative,TD,0.10334883425226758,0.048504119148583776,0.10488712491992716,0.0685902046726643
General & Administrative Expense,TD,0.10313315034861471,0.04831584617862145,0.10464986478341678,0.06830981174461331
Salaries and Wages,TD,0.1025827998919798,0.047912900338849665,0.10411598017033817,0.06762808133993332
Insurance & Claims,TD,0.10079315824514111,0.04645479218624101,0.10220862956336245,0.0655004494082103
Other G and A,TD,0.11187970540019221,0.05430122927170815,0.10191200508679421,0.0650991119315813
Selling & Marketing Expense,TD,0.10045849169215906,0.046240119316431565,0.10191200508679421,0.0650991119315813
Depreciation Amortization Depletion,TD,0.10034262843813066,0.0461350755044083,0.10181398489739632,0.06501171059764796
Depreciation & amortization,TD,0.10034262843813066,0.0461350755044083,0.10181398489739632,0.06501171059764796
Amortization,TD,0.10034262843813066,0.0461350755044083,0.10181398489739632,0.06501171059764796
Amortization of Intangibles,TD,0.10034262843813066,0.0461350755044083,0.10181398489739632,0.06501171059764796
Other Non Interest Expense,TD,0.10099012577698939,0.04645590376097142,0.10226898002202593,0.0653414734683802
Special Income Charges,TD,0.09969320004503814,0.046418249166978946,0.1016445697209521,0.06480525447370815
Gain on Sale of Business,TD,0.1002428077885062,0.04619037634724594,0.10167474495028384,0.07727821446788524
Restructuring & Mergers Acquisition,TD,0.10054850852798113,0.04585509761918756,0.10169505899355945,0.06481493948638725
Impairment of Capital Assets,TD,0.11187970540019221,0.04605226318699313,0.10168460613633996,0.06483596305049553
Other Special Charges,TD,0.10048671479249932,0.04602072225401789,0.11183280180030235,0.07727821446788524
Pretax Income,TD,0.1021866366887827,0.04888969663319298,0.10505397618799679,0.0676330419561836
Tax Provision,TD,0.10071339085102154,0.04660568845589348,0.10238889204446842,0.06509084423783085
Earnings from Equity Interest Net of Tax,TD,0.10037114862373765,0.04618954266619814,0.101829565571365,0.06508635606122345
Net Income Common Stockholders,TD,0.10176076495891163,0.04843756361160078,0.10444554100833388,0.06756548308725134
Net Income,TD,0.1018443944614988,0.048473550843497644,0.10449464971489338,0.0676285537795762
Net Income Including Non-Controlling Interests,TD,0.1018443944614988,0.048473550843497644,0.10449464971489338,0.0676285537795762
Net Income Continuous Operations,TD,0.1018443944614988,0.048473550843497644,0.10449464971489338,0.0676285537795762
Minority Interests,TD,0.11187970540019221,0.04605184634646923,0.10167474495028384,0.06481871900353031
Preferred Stock Dividends,TD,0.10032643729109336,0.046087833578366086,0.10172385365684333,0.06488178969585517
Diluted NI Available to Com Stockholders,TD,0.10176076495891163,0.04843756361160078,0.10444554100833388,0.06756548308725134
Basic EPS,TD,0.10024280862183037,0.04605184766368529,0.1016747464748232,0.06481872052242377
Diluted EPS,TD,0.10024280862034494,0.046051847662295815,0.10167474647285096,0.06481872052242377
Basic Average Shares,TD,0.10051352673782256,0.046303409602643994,0.10203323850816821,0.06524563908682142
Diluted Average Shares,TD,0.10051380896882596,0.04630384033785202,0.10203373156747102,0.06524599341655359
Interest Income after Provision for Loan Loss,TD,0.10425509285845641,0.04970420301689719,0.10647812867822239,0.06889469202250231
Net Income from Continuing & Discontinued Operation,TD,0.1018443944614988,0.048473550843497644,0.10449464971489338,0.0676285537795762
Normalized Income,TD,0.10226099713104758,0.048178596572987314,0.10451845797083613,0.06764071225000562
Total Money Market Investments,TD,0.10244688338244648,0.046546636048340716,0.10173529263266845,0.06490139594103482
Reconciled Depreciation,TD,0.10052667276087578,0.04629722646820612,0.10208220915812292,0.06532446564123642
Net Income from Continuing Operation Net Minority Interest,TD,0.1018443944614988,0.048473550843497644,0.10449464971489338,0.0676285537795762
Total Unusual Items Excluding Goodwill,TD,0.09969320004503814,0.046418249166978946,0.1016445697209521,0.06480525447370815
Total Unusual Items,TD,0.09969320004503814,0.046418249166978946,0.1016445697209521,0.06480525447370815
Tax Rate for Calcs,TD,0.1002428077885062,0.04605184634646923,0.10167474495028384,0.06481871900353031
Tax Effect of Unusual Items,TD,0.10010980271458693,0.046123294896468624,0.10166837797689483,0.06481741294413756
Total Revenue,UBS,0.10609063417900635,0.050687529812781636,0.10858921138911766,0.07239523355644296
Net Interest Income,UBS,0.10132657484157186,0.046971952329561896,0.10299693277668909,0.06620320337699857
Interest Income,UBS,0.10551800232736598,0.04788386044901783,0.10363988210754846,0.0672066651784818
Interest Income from Loans And Lease,UBS,0.10448652228124647,0.047387403385050736,0.10295433245292664,0.06639902960897352
Interest Income from Loans,UBS,0.10448652228124647,0.047387403385050736,0.10295433245292664,0.06639902960897352
Interest Income from Securities,UBS,0.10068784151808195,0.046356834663124076,0.10225911883596982,0.06542273308695606
Interest Income from Federal Funds Sold And Securities Purchase Under Agreements To Resell,UBS,0.10082925410504995,0.046243315093781476,0.10177592071921968,0.06502234048961283
Other Interest Income,UBS,0.11187970540019221,0.05430122927170815,0.11183280180030235,0.06497982092175338
Interest Expense,UBS,0.10443423527430032,0.04696375446592516,0.10231769428114319,0.06582218080501354
Interest Expense for Long Term Debt And Capital Securities,UBS,0.10414190337182866,0.046812441355748795,0.1021003537404662,0.06561666956035948
Interest Expense for Federal Funds Sold And Securities Purchase Under Agreements To Resell,UBS,0.10053513969097785,0.0462031594566456,0.10189208549096083,0.06502423024818436
Other Interest Expense,UBS,0.10443408673166694,0.046963893412766466,0.10231749705742207,0.06502800976532742
Non Interest Income,UBS,0.10500686712594069,0.04976742382968897,0.1072670235627124,0.0710107491829747
Fees And Commissions,UBS,0.10323787290514039,0.048494809710216635,0.1055843107740952,0.06892067620286087
Fees & Commission Income,UBS,0.10356392398538698,0.048748109801907656,0.10597579986052337,0.06933996638591941
Service Charge on Depositor Accounts,UBS,0.10096130850611565,0.046738521636176866,0.10281667029558313,0.06606808563913408
Trust Fees by Commissions,UBS,0.10182820331446149,0.047310565781811496,0.10360004291588171,0.06671060355345478
Securities Activities,UBS,0.10076894579590183,0.04653593714156057,0.10253897929624264,0.06579477930572633
Other Customer Services,UBS,0.10073388973442657,0.04631862428176641,0.1020443422036674,0.06522265489819518
Fees & Commission Expense,UBS,0.10056885886875279,0.04630514643816025,0.102066234036712,0.06523800918658887
Investment Banking Profit,UBS,0.1004519558162908,0.04624400982798798,0.10218062379496305,0.06524887529837517
Gain Losson Saleof Assets,UBS,0.10196382273872807,0.04709617080568465,0.10283027873234057,0.06647225775362037
Gain on Sale of Security,UBS,0.10196382273872807,0.04709617080568465,0.10283027873234057,0.06647225775362037
Other Non Interest Income,UBS,0.10008163903130002,0.04608797252520739,0.10169604511216507,0.06482509693870923
Credit Losses Provision,UBS,0.10008876907770177,0.04604781688807151,0.10170393406100997,0.06465478244744996
Non Interest Expense,UBS,0.1049906759789034,0.049467159705638336,0.10663413264163028,0.07049697107133958
Occupancy And Equipment,UBS,0.10044215200248839,0.0461359091854561,0.1017997847894755,0.06497722250371751
Net Occupancy Expense,UBS,0.11187970540019221,0.05430122927170815,0.11183280180030235,0.06491604156996418
Professional Expense And Contract Services Expense,UBS,0.10048329831193181,0.046134102876519194,0.10178124575968998,0.06497131700818148
Selling General and Administrative,UBS,0.10434213884161107,0.049014748790363535,0.10598487215169501,0.0696836662261167
General & Administrative Expense,UBS,0.10428153344719622,0.04897792787741887,0.10593714401118337,0.06963240652486391
Salaries and Wages,UBS,0.10361576536443302,0.048508426500664094,0.1053010975105633,0.06888736920803762
Rental & Landing Fees,UBS,0.11187970540019221,0.05430122927170815,0.11183280180030235,0.0650107657183622
Other G and A,UBS,0.10090857587126939,0.046521347723224006,0.10231079145090391,0.0655637563203566
Selling & Marketing Expense,UBS,0.10030341318292105,0.04608866725941389,0.10172247309079548,0.0648699787047831
Depreciation Amortization Depletion,UBS,0.1005854956436902,0.046337937892707196,0.10209246479162129,0.0653209223439148
Depreciation & amortization,UBS,0.1005854956436902,0.046337937892707196,0.10209246479162129,0.0653209223439148
Depreciation,UBS,0.11187970540019221,0.05430122927170815,0.10209049255441006,0.06529044998694886
Amortization,UBS,0.11187970540019221,0.05430122927170815,0.11183280180030235,0.06483218353335247
Amortization of Intangibles,UBS,0.11187970540019221,0.05430122927170815,0.11183280180030235,0.06483218353335247
Other Non Interest Expense,UBS,0.10010882233320668,0.05430122927170815,0.10163214462652137,0.0647776167545995
Income from Associates & Other Participating Interests,UBS,0.10019111495209353,0.04605629264539085,0.1016954534410017,0.0648385614685314
Special Income Charges,UBS,0.10361739933340008,0.04616536591581183,0.10154043559619941,0.06499092325336112
Gain on Sale of Business,UBS,0.10024696698224055,0.04620816154293242,0.10170038403402976,0.06496871859014562
Restructuring & Mergers Acquisition,UBS,0.0965815289612087,0.05430122927170815,0.11183280180030235,0.06483950634781716
Impairment of Capital Assets,UBS,0.10033089357009445,0.04605212424015183,0.10167671718749506,0.06485155355871067
Write Off,UBS,0.10031826744625802,0.05430122927170815,0.10167474495028384,0.06481871900353031
Other Special Charges,UBS,0.10037010882530406,0.04609436407990722,0.10183469338811418,0.06479651434031482
Pretax Income,UBS,0.10451177452891933,0.047386291810320336,0.10354521472140965,0.06674509164738524
Tax Provision,UBS,0.10037248550743798,0.04632168111227502,0.1020687979450866,0.06519265498087211
Net Income Common Stockholders,UBS,0.10437957158522025,0.04711201074559292,0.10314544223869433,0.06636761237272182
Net Income,UBS,0.10437972012785363,0.04711187179875162,0.10314544223869433,0.06636761237272182
Net Income Including Non-Controlling Interests,UBS,0.10438209680998754,0.047116318097673235,0.10315116172660689,0.06637115567004344
Net Income Continuous Operations,UBS,0.10438209680998754,0.04711645704451454,0.10315116172660689,0.06637115567004344
Minority Interests,UBS,0.10024043110637228,0.04604740004754761,0.10166902546237128,0.06481517570620869
Average Dilution Earnings,UBS,0.1002428077885062,0.04605184634646923,0.10167474495028384,0.06481848278370887
Diluted NI Available to Com Stockholders,UBS,0.10437957158522025,0.04711201074559292,0.10314544223869433,0.06636737615290038
Basic EPS,UBS,0.11187970540019221,0.046051846671604835,0.1016747453723426,0.06481871944053698
Diluted EPS,UBS,0.11187970540019221,0.04605184665909962,0.1016747453565647,0.06481871942636379
Basic Average Shares,UBS,0.11187970540019221,0.046504943520193215,0.10236166807089955,0.06566513619844355
Diluted Average Shares,UBS,0.11187970540019221,0.04652391407138283,0.10239012291771195,0.06569439249576872
Rent Expense Supplemental,UBS,0.11187970540019221,0.05430122927170815,0.11183280180030235,0.0650107657183622
Interest Income after Provision for Loan Loss,UBS,0.10117253613076743,0.046967922871164185,0.10302612188741522,0.06603926682091822
Net Income from Continuing & Discontinued Operation,UBS,0.10437972012785363,0.04711187179875162,0.10314544223869433,0.06636761237272182
Normalized Income,UBS,0.10110636632930654,0.04702128318241622,0.10325141231906695,0.06622881574735819
Total Money Market Investments,UBS,0.10082925410504995,0.046243315093781476,0.10177592071921968,0.06502234048961283
Reconciled Depreciation,UBS,0.10079984266364274,0.046338215786389796,0.10209246479162129,0.0653209223439148
Net Income from Continuing Operation Net Minority Interest,UBS,0.10437972012785363,0.04711187179875162,0.10314544223869433,0.06636761237272182
Total Unusual Items Excluding Goodwill,UBS,0.10361739933340008,0.04616536591581183,0.10154043559619941,0.06499092325336112
Total Unusual Items,UBS,0.10361739933340008,0.04616536591581183,0.10154043559619941,0.06499092325336112
Tax Rate for Calcs,UBS,0.1002428077885062,0.04605184634646923,0.10167474495028384,0.06481871900353031
Tax Effect of Unusual Items,UBS,0.10034404553485302,0.046074777299476434,0.10164640567657202,0.06485212662799748
Total Revenue,IBN,0.3016386260757086,0.20773592402497873,0.33546265332172076,0.26131631582117687
Net Interest Income,IBN,0.2050001558212224,0.2563452642817553,0.19339082878140984,0.2901886460942824
Interest Income,IBN,0.280078635202168,0.13898857773596404,0.2775246683485906,0.3269592133407507
Interest Income from Loans And Lease,IBN,0.2308552091079213,0.09532506363417964,0.22052508685732677,0.11676497426975596
Interest Income from Loans,IBN,0.2308552091079213,0.04858011751290156,0.22052508685732677,0.07011785715551178
Interest Income from Securities,IBN,0.14169367374749595,0.14076342938589526,0.14755737198602709,0.16206255596933394
Interest Income from Deposits,IBN,0.10366739432751335,0.09275644174924624,0.10538595064989159,0.07727821446788524
Other Interest Income,IBN,0.10459078138475603,0.05430122927170815,0.1090804937061966,0.081621476397506
Interest Expense,IBN,0.1753212871694518,0.1323708873298127,0.18580858451746454,0.07727821446788524
Interest Expense for Deposit,IBN,0.15888230090756578,0.05430122927170815,0.16817791019378414,0.10565731590503491
Interest Expense for Long Term Debt And Capital Securities,IBN,0.10223045305206094,0.07007351399479533,0.10404165266378246,0.07727821446788524
Other Interest Expense,IBN,0.11469414878683747,0.05430122927170815,0.11693851156046563,0.07075418634673054
Non Interest Income,IBN,0.1968812780429924,0.04954314709315566,0.24374656949059478,0.0799344201807318
Total Premiums Earned,IBN,0.16134847121407164,0.023083957239387484,0.1961903843969214,0.023635953129263032
Fees And Commissions,IBN,0.129429158384177,0.14769386106455235,0.12933153504744413,0.07727821446788524
Fees & Commission Income,IBN,0.129429158384177,0.05430122927170815,0.12933153504744413,0.0711954135559469
Foreign Exchange Trading Gains,IBN,0.10477469617832484,0.04631956050558309,0.10556422728534959,0.14619702410268948
Gain Losson Saleof Assets,IBN,0.10193805460248952,0.08483126378960558,0.11741792120675672,0.1165541660318259
Gain on Sale of Security,IBN,0.10193805460248952,0.06321727256521018,0.11741792120675672,0.07727821446788524
Other Non Interest Income,IBN,0.10036212881795417,0.05430122927170815,0.1019414813552583,0.08184157421613406
Credit Losses Provision,IBN,0.07241577721813516,0.04734751716584014,0.058203174749683645,0.07727821446788524
Non Interest Expense,IBN,0.2226999037740821,0.05430122927170815,0.25210056989766455,0.06796046010896821
Occupancy And Equipment,IBN,0.10538894269433165,0.04789984961783366,0.1059713118375255,0.07727821446788524
Equipment,IBN,0.10538894269433165,0.11897418854002578,0.1059713118375255,0.16433110436309822
Professional Expense And Contract Services Expense,IBN,0.10054294709178777,0.04710010008340979,0.10214273060975262,0.06494688691802819
Selling General and Administrative,IBN,0.14660840641383324,0.05430122927170815,0.15890032668137166,0.06480534069394298
General & Administrative Expense,IBN,0.13689266502418126,0.08292592104734794,0.14925213021341183,0.07727821446788524
Salaries and Wages,IBN,0.12289245364801397,0.10501748270841296,0.12349449351370625,0.12413374293850372
Rental & Landing Fees,IBN,0.10259669858055631,0.08094153158602121,0.10440225355712703,0.16903123794540725
Insurance & Claims,IBN,0.11037572225141912,0.10735068334751285,0.12313657308795546,0.12750735057029372
Other G and A,IBN,0.10175621390971044,0.04605184634646923,0.1032430449054746,0.06085210678553249
Selling & Marketing Expense,IBN,0.10995854917815819,0.10501748270841296,0.11132294141824366,0.12413374293850372
Depreciation Amortization Depletion,IBN,0.10249257390812995,0.046051856408999475,0.10431768954777389,0.06481874563495298
Depreciation & amortization,IBN,0.10249257390812995,0.046537146812760936,0.10431768954777389,0.06563765202221884
Depreciation,IBN,0.10249257390812995,0.046543436380479246,0.10431768954777389,0.07727821446788524
Other Non Interest Expense,IBN,0.16863826482002425,0.13866579213524752,0.1874674910223762,0.1517620432542115
Income from Associates & Other Participating Interests,IBN,0.10172569047814983,0.08094153158602121,0.10195931057687149,0.16497490825812686
Special Income Charges,IBN,0.10032340390197732,0.04976140326305541,0.10166223623299536,0.06911696542568584
Other Special Charges,IBN,0.10016221167503507,0.04810750539426375,0.10168725366757231,0.16506462572740943
Pretax Income,IBN,0.15291797832287643,0.046127235984675274,0.14183731508303907,0.06483209731311765
Tax Provision,IBN,0.11776109412938718,0.046059715600826286,0.11284622624243054,0.06481871900353031
Net Income Common Stockholders,IBN,0.15080173034342761,0.0460744632796151,0.13793298219622024,0.06482195663240299
Total Revenue,BNPQY,0.10911600199284797,0.05403809394390466,0.11278928775414247,0.07716947236759585
Net Interest Income,BNPQY,0.10307373329526681,0.048960420575415,0.10546893489723855,0.06937445447984987
Interest Income,BNPQY,0.11205818593200254,0.05176006048078108,0.10749639475037787,0.07218145461803846
Interest Expense,BNPQY,0.10922726042524192,0.048851486251835316,0.10370220480342317,0.0676257191417189
Non Interest Income,BNPQY,0.10628507648608736,0.05112951971495889,0.10899509780718777,0.07261373689127629
Total Premiums Earned,BNPQY,0.100587426697924,0.0463159842917817,0.10252911811018652,0.06579052734894038
Fees And Commissions,BNPQY,0.10170164499083047,0.047464240988289975,0.10371837714855521,0.06708146867311783
Fees & Commission Income,BNPQY,0.10247258125801945,0.04808352705996682,0.10464039804480291,0.06796138750798719
Fees & Commission Expense,BNPQY,0.10101374405569517,0.04667113241814607,0.10259676584653153,0.06569863783839966
Dividend Income,BNPQY,0.10025528536970925,0.046069770488997006,0.10169565066472282,0.0648312386540667
Income from Associates & Other Participating Interests,BNPQY,0.10033089357009445,0.046142856527521134,0.10177217346851836,0.06491863998800004
Special Income Charges,BNPQY,0.10022453704460171,0.0460446211107216,0.10185559910255317,0.06506178919979355
Restructuring & Mergers Acquisition,BNPQY,0.1002428077885062,0.04601724858298538,0.10165679759166169,0.0648175379044231
Impairment of Capital Assets,BNPQY,0.10024563009854022,0.04605462528329524,0.10167632274005281,0.06482013632245896
Write Off,BNPQY,0.11187970540019221,0.04605420844277134,0.10167237826563036,0.06482273474049481
Other Special Charges,BNPQY,0.10025825622237665,0.046086999897318286,0.10151026036686767,0.06457541258744563
Pretax Income,BNPQY,0.10198447016476647,0.04788788990741555,0.10418816405226901,0.06702430347632901
Tax Provision,BNPQY,0.10072794802909178,0.046559419157740374,0.10238159476678689,0.06536226081266706
Net Income Common Stockholders,BNPQY,0.10177249982694785,0.04734030040584983,0.10346001407388473,0.06638391154040127
Net Income,BNPQY,0.10187306318973915,0.04742019483959768,0.10354600361629414,0.06648808448165695
Net Income Including Non-Controlling Interests,BNPQY,0.10193708506472152,0.04747577357611793,0.10362331531497417,0.06657028897951857
Net Income Continuous Operations,BNPQY,0.10149932992418087,0.0473803170961444,0.10348131423576597,0.06648076166719226
Net Income Discontinuous Operations,BNPQY,0.10068056292904684,0.04614730282644275,0.10181674602949203,0.06490824631585662
Minority Interests,BNPQY,0.10017878591352383,0.04599626760994898,0.10159743325160381,0.0647365145056687
Diluted NI Available to Com Stockholders,BNPQY,0.10177249982694785,0.04734030040584983,0.10346001407388473,0.06638391154040127
Basic EPS,BNPQY,0.10024280842575409,0.046051846868909355,0.10167474566620595,0.06481871962951284
Diluted EPS,BNPQY,0.10024280842575409,0.046051846868909355,0.10167474566620595,0.06481871962951284
Basic Average Shares,BNPQY,0.10059941928742912,0.046394486895020244,0.10216662663025126,0.06540823934737189
Diluted Average Shares,BNPQY,0.10059941928742912,0.046394486895020244,0.10216662663025126,0.06540823958359171
Net Income from Continuing & Discontinued Operation,BNPQY,0.10187306318973915,0.04742019483959768,0.10354600361629414,0.06648808448165695
Normalized Income,BNPQY,0.10143793354024333,0.047319251626754884,0.103238819781697,0.06619240529652085
Reconciled Depreciation,BNPQY,0.10117045653390026,0.046950137675477704,0.10301211900321552,0.0663128093741474
Net Income from Continuing Operation Net Minority Interest,BNPQY,0.10143530804919852,0.04732473835962416,0.10340400253708594,0.06639855716933064
Total Unusual Items Excluding Goodwill,BNPQY,0.10023909422267195,0.04606518524323409,0.10190904673097737,0.06509580485408112
Total Unusual Items,BNPQY,0.10023909422267195,0.04606518524323409,0.10190904673097737,0.06509580485408112
Tax Rate for Calcs,BNPQY,0.1002428077885062,0.04605184634646923,0.10167474495028384,0.06481871900353031
Tax Effect of Unusual Items,BNPQY,0.10024171971371676,0.046055807998808394,0.10174386397558843,0.06488965298127132
Total Revenue,SMFG,0.6527407452740419,0.5216811956431272,0.7033488982294043,0.4868445638141942
Net Interest Income,SMFG,0.35540830359262243,0.8443745356570246,0.3650112101963086,0.5155240123353991
Interest Income,SMFG,0.6616916272756361,0.2391822589338303,0.4671379919154052,0.8962328843975628
Interest Income from Loans And Lease,SMFG,0.47921205263043753,0.04706713091585282,0.3750587726688945,0.06645619480576236
Interest Income from Loans,SMFG,0.4779232967433216,0.09438909033865096,0.3737689295327533,0.08409236667458003
Interest Income from Leases,SMFG,0.1015315636756221,0.053397271111826225,0.102964588086425,0.0662752504225382
Interest Income from Securities,SMFG,0.16521312748493258,0.06587247431116061,0.1576440758727544,1.0
Interest Income from Deposits,SMFG,0.14544418258028657,0.29665122828312973,0.10520327454488654,0.09117541802050153
Interest Income from Federal Funds Sold And Securities Purchase Under Agreements To Resell,SMFG,0.1032481223468429,0.046577204353426854,0.10365802668989173,0.1415660665502103
Other Interest Income,SMFG,0.16954537338716125,0.0644468797194163,0.13227282194011342,0.06620580179503444
Interest Expense,SMFG,0.4065261314715198,0.04885718307232864,0.20380152666938045,0.583932563965375
Interest Expense for Deposit,SMFG,0.2571339827815321,0.2378501755662813,0.13874688780968067,0.3495750995961822
Interest Expense for Short Term Debt,SMFG,0.10962594885320631,0.24346807425374775,0.10322847342528692,0.1337247495774618
Interest Expense for Long Term Debt And Capital Securities,SMFG,0.1511984271117638,0.06728250685667925,0.14943759683684707,0.109605052269541
Interest Expense for Federal Funds Sold And Securities Purchase Under Agreements To Resell,SMFG,0.14120566707971421,0.07020066841767476,0.10307444169909023,0.13668576503923022
Other Interest Expense,SMFG,0.1483333367993281,0.11371840227250338,0.1160131066996109,0.1327652246627667
Non Interest Income,SMFG,0.3975752494699256,0.07597154757741319,0.44001243298337955,0.08367850954741464
Fees And Commissions,SMFG,0.28231745521513874,0.04915466825955325,0.3184070476713401,0.0826077250968206
Fees & Commission Income,SMFG,0.3153416020085341,0.05430122927170815,0.35871010953016574,0.12667878474350663
Service Charge on Depositor Accounts,SMFG,0.17152990296898105,0.08735726859410946,0.18006131291042254,0.12428847637034071
Trust Fees by Commissions,SMFG,0.12279395621616757,0.04222372192179599,0.1350635375939968,0.19072624603003063
Securities Activities,SMFG,0.11831168225423548,0.03624622880904355,0.13533452298681914,0.0
Credit Card,SMFG,0.1567135180035157,0.34292372221358436,0.16224767197119586,0.07902663260376842
Other Customer Services,SMFG,0.14696377371965907,0.047283471147757876,0.1527020438688667,0.07727821446788524
Fees & Commission Expense,SMFG,0.13326695458190152,0.05430122927170815,0.1419778068091095,0.5345016765701827
Dividend Income,SMFG,0.11187970540019221,0.32232401930972043,0.1162907976989514,0.45495819499710044
Trading Gain Loss,SMFG,0.10112425977492227,0.14056029202179743,0.1374759781507673,0.07105019789315542
Foreign Exchange Trading Gains,SMFG,0.11187970540019221,0.21378388791880834,0.1348994474580229,0.2883840083905281
Gain Losson Saleof Assets,SMFG,0.13914240990220844,0.05430122927170815,0.111790349606657,0.12588532236328484
Gain on Sale of Security,SMFG,0.14440081912349745,0.08197182797213894,0.1158851085046024,0.11075969475674674
Gain on Saleof Loans,SMFG,0.09498439856721719,0.07307478382997798,0.09757998605233843,0.14145527945395425
Other Non Interest Income,SMFG,0.17571954794317474,0.049390877889764304,0.17736329240546672,0.07155098391461126
Credit Losses Provision,SMFG,0.06901914625418556,0.03062416171633808,0.030575593485621597,0.06481871900353031
Non Interest Expense,SMFG,0.4573146403322364,0.042989457964203684,0.4970998251808936,0.07727821446788524
Occupancy And Equipment,SMFG,0.11187970540019221,0.06118593630093218,0.11279599336066064,0.10610569183470756
Net Occupancy Expense,SMFG,0.11187970540019221,0.061763121479694934,0.11183280180030235,0.06531785148623606
Equipment,SMFG,0.11187970540019221,0.05430122927170815,0.11279599336066064,0.3371522991865771
Selling General and Administrative,SMFG,0.3653957160898707,0.08963933151563075,0.41491788393147344,0.115496138396469
General & Administrative Expense,SMFG,0.3653957160898707,0.14423599176156388,0.41491788393147344,0.26150904308531436
Salaries and Wages,SMFG,0.2116273528781769,0.16265367346964296,0.22927040634397708,0.2337281747648727
Rental & Landing Fees,SMFG,0.10489427180984642,0.14540606311215634,0.10629352727525172,0.06189809713122839
Other G and A,SMFG,0.24935970697885973,0.04514521820698272,0.28270344021281224,0.06282951188717197
Selling & Marketing Expense,SMFG,0.11187970540019221,0.05430122927170815,0.11940989084850377,0.26150904308531436
Depreciation Amortization Depletion,SMFG,0.12928734889129265,0.046051863065942646,0.13761679588764875,0.0648187433577939
Depreciation & amortization,SMFG,0.12928734889129265,0.04605186066633069,0.13761679588764875,0.06640926501383658
Depreciation,SMFG,0.12928734889129265,0.046987725852880025,0.13761679588764875,0.06643835784704531
Other Non Interest Expense,SMFG,0.16311719092808546,0.04952398896373029,0.1479146352623391,0.43162699945315114
Income from Associates & Other Participating Interests,SMFG,0.1084869239405271,0.16174704533015644,0.1066053379783464,0.23173896764851437
Special Income Charges,SMFG,0.0909651319934986,0.1561029668346395,0.09417531295460067,0.0965801275350816
Gain on Sale of Business,SMFG,0.11187970540019221,0.09010827710502033,0.10154063281992054,0.12196407332735698
Restructuring & Mergers Acquisition,SMFG,0.11187970540019221,0.14423599176156388,0.10159486934322923,0.024160799556851617
Impairment of Capital Assets,SMFG,0.10901350757582286,0.02213645496864873,0.11006168369101826,0.03859052356942324
Write Off,SMFG,0.11187970540019221,0.04605184634646923,0.1021889071912502,0.05375570594884188
Total Revenue,BMO,0.10515288453454315,0.04970045145218207,0.10698183806196926,0.07073012003510228
Net Interest Income,BMO,0.10301773272248642,0.048259016920529495,0.10449701639954685,0.06811894612888862
Interest Income,BMO,0.10849791609539647,0.04978909953693186,0.10559693309224705,0.07032618414043741
Interest Income from Loans And Lease,BMO,0.10620961682833552,0.04889525450684501,0.10477648241237744,0.06905768369929689
Interest Income from Loans,BMO,0.10620961682833552,0.04889525450684501,0.10477648241237744,0.06905768369929689
Interest Income from Securities,BMO,0.10193500546785435,0.04682855918933967,0.10245634255709231,0.06599509371430867
Interest Income from Deposits,BMO,0.10083890937621899,0.046168978533685644,0.10171359802334497,0.06491084473389247
Interest Expense,BMO,0.10572299116141623,0.0475819289628716,0.10277466164298403,0.0670259570150791
Interest Expense for Deposit,BMO,0.10418616907657284,0.04698431859843765,0.10230980533229829,0.06629249446950344
Interest Expense for Long Term Debt And Capital Securities,BMO,0.10030668112085518,0.04608338727944447,0.10171320357590272,0.0648813172562123
Other Interest Expense,BMO,0.1017157565410006,0.04661791577792793,0.10210114263535068,0.06548958329642399
Non Interest Income,BMO,0.10237795960056292,0.0474932808781218,0.10415956661270624,0.06742989290974395
Total Premiums Earned,BMO,0.10061386728666381,0.04603003169238503,0.10205755619298261,0.06533320577462977
Fees And Commissions,BMO,0.10141406645262664,0.04708977925098482,0.10320520102619446,0.06650391120969353
Fees & Commission Income,BMO,0.10141406645262664,0.04708977925098482,0.10320520102619446,0.06650391120969353
Service Charge on Depositor Accounts,BMO,0.10069809095978446,0.04643506173477632,0.10219423223172051,0.06541304807427696
Trust Fees by Commissions,BMO,0.10070254723878556,0.04648008051135772,0.10238021420073903,0.06558029170785751
Securities Activities,BMO,0.10039506398771018,0.04620218682875649,0.10189307160956644,0.06506344273854364
Credit Card,BMO,0.10034678763186501,0.046127989215501965,0.10176191783501998,0.06490328569960635
Investment Banking Profit,BMO,0.1004072444836465,0.04621760992814086,0.10195499985799891,0.06507147421247265
Trading Gain Loss,BMO,0.10050944181540489,0.04612646080024766,0.10173312317173609,0.06482226230085193
Foreign Exchange Trading Gains,BMO,0.10027771530734808,0.04607699572474464,0.10170768131171129,0.06484871892085338
Gain Losson Saleof Assets,BMO,0.10026969400514611,0.0460908904088747,0.10179130416946723,0.06484801026138905
Gain on Sale of Security,BMO,0.10026969400514611,0.0460908904088747,0.10179130416946723,0.06484801026138905
Other Non Interest Income,BMO,0.10034277698076403,0.046172591151559465,0.10175817058431866,0.06491462425103553
Credit Losses Provision,BMO,0.10002400448955256,0.046008355985142135,0.10167080047586138,0.06412116187081375
Non Interest Expense,BMO,0.10337943403474176,0.048072411312662766,0.10483762176592541,0.06856776378962735
Occupancy And Equipment,BMO,0.10096754729671718,0.04655691811459696,0.10234451670721585,0.0655750948717858
Professional Expense And Contract Services Expense,BMO,0.10041318618898129,0.04616133645741411,0.1017944597490052,0.06494982100443031
Selling General and Administrative,BMO,0.10236221408142573,0.04725081864005223,0.10367025456060132,0.06709871272008307
General & Administrative Expense,BMO,0.10224130037786276,0.047178983123099816,0.10359195674331569,0.06709871272008307
Salaries and Wages,BMO,0.10195327621175881,0.047273883815708136,0.1033160407574653,0.06669524926506108
Insurance & Claims,BMO,0.10053083195461013,0.04595694565386091,0.10195066093613421,0.06522218245855228
Other G and A,BMO,0.11187970540019221,0.05430122927170815,0.11183280180030235,0.06498123824068203
Selling & Marketing Expense,BMO,0.10036372149206917,0.046123681863421646,0.10175304276756947,0.07727821446788524
Depreciation Amortization Depletion,BMO,0.10039357856137648,0.0461357702386148,0.1017997847894755,0.064965175292824
Depreciation & amortization,BMO,0.10039357856137648,0.0461357702386148,0.1017997847894755,0.064965175292824
Amortization,BMO,0.10039357856137648,0.0461357702386148,0.1017997847894755,0.064965175292824
Amortization of Intangibles,BMO,0.10039357856137648,0.0461357702386148,0.1017997847894755,0.064965175292824
Other Non Interest Expense,BMO,0.10021413906026583,0.046174953247861576,0.10192758576076288,0.06525383591462544
Income from Associates & Other Participating Interests,BMO,0.1002702881756796,0.0460899177809856,0.10172365643312221,0.06485675039478238
Special Income Charges,BMO,0.09953158565993185,0.04691442833726345,0.10150868257709869,0.06481541192603013
Gain on Sale of Business,BMO,0.1002428077885062,0.0460467053133411,0.10150572422128185,0.07727821446788524
Restructuring & Mergers Acquisition,BMO,0.10095001926597956,0.04502544602978159,0.101671786594467,0.06482202608103049
Other Special Charges,BMO,0.10024681843960717,0.04621052363923453,0.11183280180030235,0.07727821446788524
Pretax Income,BMO,0.10111371324795301,0.048537049549972025,0.10369786588155847,0.06631824243004056
Tax Provision,BMO,0.10046354214169363,0.046656126159285605,0.10216859314797458,0.06511423000015355
Net Income Common Stockholders,BMO,0.10084202877151975,0.04790067301681521,0.10315589509591383,0.06596438513752129
Net Income,BMO,0.10089119638316514,0.04793276973715565,0.10320401768386772,0.06602273143341732
Net Income Including Non-Controlling Interests,BMO,0.10089297889476558,0.04793276973715565,0.10320401768386772,0.06602273143341732
Net Income Continuous Operations,BMO,0.10089297889476558,0.04793276973715565,0.10320401768386772,0.06602273143341732
Minority Interests,BMO,0.10024102527690576,0.04605184634646923,0.11183280180030235,0.07727821446788524
Preferred Stock Dividends,BMO,0.10029197540015158,0.04608394306680967,0.10172286753823773,0.06487706529942634
Diluted NI Available to Com Stockholders,BMO,0.10084202877151975,0.04790067301681521,0.10315589509591383,0.06596438513752129
Basic EPS,BMO,0.10024280863371378,0.046051849130963926,0.101674747238079,0.06481872078935216
Diluted EPS,BMO,0.10024280863222836,0.04605184912401659,0.10167474723413453,0.06481872078698997
Basic Average Shares,BMO,0.1003481785850839,0.04614410565962442,0.10180238084531663,0.06497023606627857
Diluted Average Shares,BMO,0.1003483495576549,0.046144344231350935,0.1018026792448067,0.06497040236503286
Interest Income after Provision for Loan Loss,BMO,0.10279892942353279,0.0482155265592024,0.1044930719251244,0.06742138899617206
Net Income from Continuing & Discontinued Operation,BMO,0.10089119638316514,0.04793276973715565,0.10320401768386772,0.06602273143341732
Normalized Income,BMO,0.10142247931321018,0.04727979517012443,0.10332956083799569,0.06602538701664996
Total Money Market Investments,BMO,0.10083890937621899,0.046168978533685644,0.10171359802334497,0.06491084473389247
Reconciled Depreciation,BMO,0.10055459877594929,0.04625748767159414,0.10198340007384055,0.06520092267462256
Net Income from Continuing Operation Net Minority Interest,BMO,0.10089119638316514,0.04793276973715565,0.10320401768386772,0.06602273143341732
Total Unusual Items Excluding Goodwill,BMO,0.09953158565993185,0.04691442833726345,0.10150868257709869,0.06481541192603013
Total Unusual Items,BMO,0.09953158565993185,0.04691442833726345,0.10150868257709869,0.06481541192603013
Tax Rate for Calcs,BMO,0.1002428077885062,0.04605184634646923,0.10167474495028384,0.06481871900353031
Tax Effect of Unusual Items,BMO,0.10006286858997689,0.046261453770232226,0.10163422573122666,0.06481806750926278
Total Revenue,BBVA,0.10463105426351524,0.049489808040770335,0.10621010164121691,0.07007957064685255
Net Interest Income,BBVA,0.10367250865038026,0.048709065739502184,0.10457117251868892,0.06826563863800376
Interest Income,BBVA,0.10367250865038026,0.048709065739502184,0.10621365166819711,0.07010744458578265
Interest Income from Securities,BBVA,0.11187970540019221,0.050192323270386245,0.10594029959072132,0.06978807538719382
Other Interest Income,BBVA,0.11187970540019221,0.04627874653831313,0.10194809702775963,0.06513808820211914
Interest Expense,BBVA,0.11187970540019221,0.047757974610799475,0.10331722409979203,0.06666076117113064
Other Interest Expense,BBVA,0.11187970540019221,0.047757974610799475,0.10331722409979203,0.06666076117113064
Non Interest Income,BBVA,0.10120135340164116,0.046832588647737386,0.10331367407281183,0.06663265101237911
Total Premiums Earned,BBVA,0.11187970540019221,0.04622011097128427,0.10185382408906307,0.0650495057690786
Fees And Commissions,BBVA,0.10117684386713516,0.04679826877793613,0.10261451598143256,0.06579265332733336
Fees & Commission Income,BBVA,0.11187970540019221,0.04719968620245361,0.10305471932697799,0.06623131353575011
Service Charge on Depositor Accounts,BBVA,0.11187970540019221,0.04638031667930388,0.10208122303951732,0.06522808795408833
Trust Fees by Commissions,BBVA,0.11187970540019221,0.04622247306758638,0.10192127460168697,0.0650785608071159
Securities Activities,BBVA,0.11187970540019221,0.04611562294662621,0.10176073449269325,0.06493730135389392
Credit Card,BBVA,0.11187970540019221,0.04653802134418008,0.10219304888939378,0.06531218221052147
Other Customer Services,BBVA,0.11187970540019221,0.04615063755063396,0.10179741810482203,0.06495005722425175
Fees & Commission Expense,BBVA,0.11187970540019221,0.046455764814130114,0.10211494829582926,0.06525737921194706
Dividend Income,BBVA,0.11187970540019221,0.046068936807949205,0.1017094563252014,0.06485108111906779
Trading Gain Loss,BBVA,0.10056707635715235,0.04632112532490982,0.10174199823918662,0.06500226180479031
Foreign Exchange Trading Gains,BBVA,0.11187970540019221,0.046229003569127514,0.101848893496035,0.06490352191942779
Gain Losson Saleof Assets,BBVA,0.1002428077885062,0.04605184634646923,0.1017883458136504,0.06501100193818364
Gain on Sale of Security,BBVA,0.1002428077885062,0.04605184634646923,0.10180885708064713,0.06501289169675517
Gain on Saleof Investment Property,BBVA,0.11187970540019221,0.04604740004754761,0.10165423368328709,0.06481682924495878
Other Non Interest Income,BBVA,0.09994304875436605,0.04581688723782989,0.10180510982994581,0.0649349391556795
Credit Losses Provision,BBVA,0.09958506100794495,0.04558234496971445,0.10107814319388826,0.06355447051917575
Non Interest Expense,BBVA,0.10212647692226795,0.047579288972886886,0.10398403750090722,0.06732808216670269
Occupancy And Equipment,BBVA,0.11187970540019221,0.0461129829566415,0.10174968996431039,0.06491415181139265
Net Occupancy Expense,BBVA,0.11187970540019221,0.0461129829566415,0.10174968996431039,0.06491415181139265
Selling General and Administrative,BBVA,0.10186266520540327,0.04735433403682119,0.10334306040725909,0.06672288698416974
General & Administrative Expense,BBVA,0.10186266520540327,0.04735433403682119,0.10330223509698673,0.06667895009738163
Salaries and Wages,BBVA,0.10121279118441064,0.04683008760459397,0.10268196649405646,0.06597737722770056
Insurance & Claims,BBVA,0.11187970540019221,0.04619037634724594,0.10183824341509438,0.06500769486068346
Other G and A,BBVA,0.10089268180949883,0.04657609277869645,0.10213151508840355,0.06533131601605822
Selling & Marketing Expense,BBVA,0.11187970540019221,0.046091029355716004,0.10171557026055619,0.06486265589031842
Depreciation Amortization Depletion,BBVA,0.10045121310312395,0.046236367751716446,0.101918119022149,0.06512297013354688
Depreciation & amortization,BBVA,0.10045121310312395,0.046236367751716446,0.101918119022149,0.06512297013354688
Depreciation,BBVA,0.11187970540019221,0.04616550486265313,0.10182069050391448,0.06500320668407607
Amortization,BBVA,0.11187970540019221,0.04612270923553254,0.10177217346851836,0.06493848245300111
Amortization of Intangibles,BBVA,0.11187970540019221,0.04612270923553254,0.10177217346851836,0.06493848245300111
Other Non Interest Expense,BBVA,0.1002982141907531,0.04609227987728771,0.10199740295804025,0.06502423024818436
Income from Associates & Other Participating Interests,BBVA,0.11187970540019221,0.04605476423013654,0.10167494217400495,0.0648095064304941
Special Income Charges,BBVA,0.10024087673427239,0.04605601475170825,0.10147476009706562,0.0645803732036959
Gain on Sale of Business,BBVA,0.11187970540019221,0.046050317931214925,0.10167947831959077,0.06481706546478022
Restructuring & Mergers Acquisition,BBVA,0.11187970540019221,0.04605184634646923,0.10167474495028384,0.06481871900353031
Impairment of Capital Assets,BBVA,0.11187970540019221,0.046047955834912814,0.10171024522008588,0.06485273465781788
Write Off,BBVA,0.11187970540019221,0.046084359907333575,0.10170196182379874,0.06489005738960563
Other Special Charges,BBVA,0.10024473884274,0.04604767794123021,0.10181674602949203,0.06495005722425175
Pretax Income,BBVA,0.10208755875232507,0.047497171389678225,0.10310402525725862,0.06605840062645497
Tax Provision,BBVA,0.10083742394988529,0.04652954558686074,0.1020512450339067,0.06516336372301337
Net Income Common Stockholders,BBVA,0.101382872499619,0.04689178000213144,0.10252142638506274,0.0650353325797921
Net Income,BBVA,0.10143397116549818,0.046935270363458535,0.10259242692466684,0.06512698587051138
Net Income Including Non-Controlling Interests,BBVA,0.10149294259094598,0.046991682781026584,0.10278274781555005,0.06530533183569967
Net Income Continuous Operations,BBVA,0.10149294259094598,0.04701961109612801,0.10272752517363576,0.06571375590697191
Net Income Discontinuous Operations,BBVA,0.1002428077885062,0.04602391803136781,0.10172996759219814,0.06441029493225807
Net Income from Tax Loss Carryforward,BBVA,0.11187970540019221,0.05430122927170815,0.11183280180030235,0.06439824772136456
Minority Interests,BBVA,0.1001838363630584,0.04599557287574248,0.10148442405940063,0.06464013681852059
Diluted NI Available to Com Stockholders,BBVA,0.101382872499619,0.04689178000213144,0.10252142638506274,0.0650353325797921
Basic EPS,BBVA,0.10024280798012619,0.04605184648263713,0.10167474508242373,0.06481871903660108
Diluted EPS,BBVA,0.10024280798012619,0.04605184648263713,0.10167474508242373,0.06481871903660108
Basic Average Shares,BBVA,0.10110999968211877,0.04688969579951194,0.10293717398918897,0.06639041561696485
Diluted Average Shares,BBVA,0.10110999968211877,0.04688969579951194,0.10293717398918897,0.06639041561696485
Interest Income after Provision for Loan Loss,BBVA,0.10301476186981903,0.04823956436274741,0.10397457076229334,0.06700139015364918
Net Income from Continuing & Discontinued Operation,BBVA,0.10143397116549818,0.046935270363458535,0.10259242692466684,0.06512698587051138
Normalized Income,BBVA,0.10143527982609818,0.04696040793125244,0.10269970992335097,0.06570886001495273
Reconciled Depreciation,BBVA,0.10045121310312395,0.046236367751716446,0.101918119022149,0.06512297013354688
Net Income from Continuing Operation Net Minority Interest,BBVA,0.10143397116549818,0.04696319867855996,0.10253720428275254,0.06553540994178363
Total Unusual Items Excluding Goodwill,BBVA,0.10024087673427239,0.04605601475170825,0.10145424883006887,0.06457848344512437
Total Unusual Items,BBVA,0.10024087673427239,0.04605601475170825,0.10145424883006887,0.06457848344512437
Tax Rate for Calcs,BBVA,0.1002428077885062,0.04605184634646923,0.10167474495028384,0.06481871900353031
Tax Effect of Unusual Items,BBVA,0.10024218539487237,0.04605322400440073,0.1016167544706673,0.06475193351829346
Total Revenue,USB,0.10440393257709289,0.049412136756483295,0.10615586511790823,0.07030516057632913
Net Interest Income,USB,0.1028268554386063,0.04809825542514468,0.10413885812198838,0.06784823821351674
Interest Income,USB,0.10470012658803217,0.04854524741360876,0.10433470127706303,0.06832422115372123
Interest Income from Loans And Lease,USB,0.10358070930295776,0.04796986854378291,0.1038400641844878,0.06770863229904485
Interest Income from Loans,USB,0.10358070930295776,0.04796986854378291,0.1038400641844878,0.06770863229904485
Interest Income from Securities,USB,0.1009090214991695,0.0465212087763827,0.10214117905073855,0.06539226072999012
Other Interest Income,USB,0.1006960113629173,0.0461578627863816,0.10170294794240435,0.06486076613174689
Interest Expense,USB,0.10211607893793206,0.046498838334933304,0.10187058810535848,0.06529470194373481
Interest Expense for Deposit,USB,0.10154626939632572,0.04631195483338398,0.10173785654104303,0.06504312783389968
Interest Expense for Short Term Debt,USB,0.10053558531887796,0.046130351311804076,0.10168855061076242,0.06485202599835356
Interest Expense for Long Term Debt And Capital Securities,USB,0.10051983979974077,0.04616022488268371,0.10179367085412071,0.0650369861185422
Non Interest Income,USB,0.10181988492699279,0.04736572767780784,0.10369175194620367,0.0672756413663427
Fees And Commissions,USB,0.10172882829273713,0.04732501625330676,0.10352923959999873,0.06705713803150937
Fees & Commission Income,USB,0.10172882829273713,0.04732501625330676,0.10352923959999873,0.06705713803150937
Service Charge on Depositor Accounts,USB,0.10112143746488825,0.04680799505682717,0.1028707095951707,0.06633099830039839
Trust Fees by Commissions,USB,0.1006080741239624,0.04635877991890228,0.10203605880738026,0.06522879661355264
Credit Card,USB,0.10048493228089889,0.046261933970515756,0.10197196109801544,0.06513478112461896
Gain Losson Saleof Assets,USB,0.10022126910666758,0.04605462528329524,0.10169505899355945,0.06486052991192545
Gain on Sale of Security,USB,0.10022126910666758,0.04605462528329524,0.10169505899355945,0.06486052991192545
Other Non Interest Income,USB,0.10035540310460046,0.04608977883414429,0.10181694325321317,0.06499541142996851
Credit Losses Provision,USB,0.09990487329759003,0.04577714844121791,0.10190608837516053,0.0639196663631242
Non Interest Expense,USB,0.10289637339102334,0.04807727445210829,0.10438223219385355,0.06797674179638089
Occupancy And Equipment,USB,0.10043086276235229,0.0462041320845347,0.10188143541002022,0.06507667104854437
Professional Expense And Contract Services Expense,USB,0.10032599166319325,0.046125349225517254,0.1017717790210761,0.06492029352675013
Selling General and Administrative,USB,0.1018978698095119,0.04738754233189204,0.10346829747017187,0.06676894984935082
General & Administrative Expense,USB,0.10179002785768547,0.047324182572258955,0.10339611358824104,0.06669383194613245
Salaries and Wages,USB,0.10179002785768547,0.047324182572258955,0.10339611358824104,0.06669383194613245
Other G and A,USB,0.11187970540019221,0.05430122927170815,0.11183280180030235,0.06519241876105067
Selling & Marketing Expense,USB,0.10035064974033263,0.046115206106102306,0.10174692883221467,0.06489383690674869
Depreciation Amortization Depletion,USB,0.10033728090332936,0.046081719917348864,0.10170610352194231,0.064860293692104
Depreciation & amortization,USB,0.10033728090332936,0.046081719917348864,0.10170610352194231,0.064860293692104
Amortization,USB,0.10033728090332936,0.046081719917348864,0.10170610352194231,0.064860293692104
Amortization of Intangibles,USB,0.10033728090332936,0.046081719917348864,0.10170610352194231,0.064860293692104
Other Non Interest Expense,USB,0.10087559940666131,0.04648591627869235,0.10225359657177838,0.06562540969375281
Special Income Charges,USB,0.10009292827143612,0.04600613283568133,0.10167474495028384,0.06481871900353031
Restructuring & Mergers Acquisition,USB,0.10039268730557627,0.04609755985725713,0.10167474495028384,0.06481871900353031
Other Special Charges,USB,0.11187970540019221,0.05430122927170815,0.11183280180030235,0.07727821446788524
Pretax Income,USB,0.1012625529665895,0.047066297234805016,0.1036797212992152,0.06624808514307244
Tax Provision,USB,0.10045180727365742,0.04625512557529203,0.10210488988605201,0.06507052933318688
Net Income Common Stockholders,USB,0.10099309662965678,0.04681619292046391,0.10317463134942047,0.0659102907984112
Net Income,USB,0.10104924574507054,0.04686121169704531,0.10324523744158233,0.0659901330980584
Net Income Including Non-Controlling Interests,USB,0.10105355348143827,0.046863018005982214,0.10324957636344702,0.06599627481341587
Net Income Continuous Operations,USB,0.10105355348143827,0.046863018005982214,0.10324957636344702,0.06599627481341587
Minority Interests,USB,0.10023850005213847,0.04605004003753232,0.10167040602841915,0.06481257728817283
Preferred Stock Dividends,USB,0.10029479771018561,0.04609297461149421,0.10173450373778395,0.0648905298292485
Diluted NI Available to Com Stockholders,USB,0.10099309662965678,0.04681619292046391,0.10317463134942047,0.0659102907984112
Basic EPS,USB,0.1002428082742406,0.04605184685918307,0.10167474595809706,0.06481871972636297
Diluted EPS,USB,0.1002428082742406,0.04605184685918307,0.10167474595612482,0.06481871972636297
Basic Average Shares,USB,0.10047200907179571,0.046258738193165845,0.10196841107103524,0.06517517471408545
Diluted Average Shares,USB,0.10047200907179571,0.04625887714000714,0.10196860829475636,0.06517541093390689
Interest Income after Provision for Loan Loss,USB,0.10248892094769012,0.04782355751989337,0.10437020154686508,0.06694918557311064
Net Income from Continuing & Discontinued Operation,USB,0.10104924574507054,0.04686121169704531,0.10324523744158233,0.0659901330980584
Normalized Income,USB,0.10116839996114126,0.04689778250567563,0.10324523744158233,0.0659901330980584
Reconciled Depreciation,USB,0.10039402418927659,0.04612965657759757,0.10177276513968173,0.06494320684942995
Net Income from Continuing Operation Net Minority Interest,USB,0.10104924574507054,0.04686121169704531,0.10324523744158233,0.0659901330980584
Total Unusual Items Excluding Goodwill,USB,0.10009292827143612,0.04600613283568133,0.10167474495028384,0.06481871900353031
Total Unusual Items,USB,0.10009292827143612,0.04600613283568133,0.10167474495028384,0.06481871900353031
Tax Rate for Calcs,USB,0.1002428077885062,0.04605184634646923,0.10167474495028384,0.06481871900353031
Tax Effect of Unusual Items,USB,0.10021208248750683,0.04604270364431165,0.10167474495028384,0.06481871900353031
Total Revenue,UNCRY,0.10374425474229784,0.04885120835815271,0.10535770071852545,0.06917177787305312
Net Interest Income,UNCRY,0.10232314736884948,0.04753427019630549,0.1034677057990085,0.06706209864775964
Interest Income,UNCRY,0.10232314736884948,0.04753427019630549,0.10418007787970299,0.06793256868977134
Interest Expense,UNCRY,0.11187970540019221,0.046845927544502244,0.10238711703097832,0.06568918904554201
Non Interest Income,UNCRY,0.10166391516195455,0.047368784508316455,0.10356473986980078,0.06692839822882378
Fees And Commissions,UNCRY,0.1013513814613446,0.04711131601138641,0.10278176169694445,0.06604682585520434
Fees & Commission Income,UNCRY,0.11187970540019221,0.047054625700135765,0.10303026358555879,0.06633312427879136
Fees & Commission Expense,UNCRY,0.11187970540019221,0.0462488729674335,0.10192324683889818,0.06510501742711733
Dividend Income,UNCRY,0.10031098885722291,0.04609436407990722,0.10173923710709089,0.06486619918764004
Income from Associates & Other Participating Interests,UNCRY,0.11187970540019221,0.046093113558335515,0.10138640387000274,0.06451234189512077
Special Income Charges,UNCRY,0.10008535259713426,0.04600682756988783,0.10132881454343497,0.06421942931653339
Restructuring & Mergers Acquisition,UNCRY,0.10040026297987813,0.046096865123050626,0.10194395532961605,0.06517352117533536
Impairment of Capital Assets,UNCRY,0.11187970540019221,0.046068936807949205,0.10169229786146373,0.06483312841263823
Write Off,UNCRY,0.11187970540019221,0.05430122927170815,0.11183280180030235,0.06484753782174617
Other Special Charges,UNCRY,0.11187970540019221,0.04605518107066044,0.10173391206662058,0.06483950634781716
Pretax Income,UNCRY,0.10194376948322316,0.04706462987270941,0.10202560595016076,0.06422698835081951
Tax Provision,UNCRY,0.10052711838877589,0.04616564380949443,0.10160709721393882,0.06489478178603446
Net Income Common Stockholders,UNCRY,0.10165500260395237,0.0469491650475886,0.10208220915812292,0.06413202798260005
Net Income,UNCRY,0.10165544823185248,0.0469491650475886,0.1020881258697566,0.06416084680081591
Net Income Including Non-Controlling Interests,UNCRY,0.10165945888295347,0.046951249250208105,0.10209404258139028,0.064162500339566
Net Income Continuous Operations,UNCRY,0.10165945888295347,0.04695083240968421,0.10209325368650579,0.06415092556831536
Net Income Discontinuous Operations,UNCRY,0.1002428077885062,0.04605226318699313,0.10167553384516832,0.06483029377478094
Minority Interests,UNCRY,0.10023879713740522,0.04604976214384972,0.10166882823865016,0.06481706546478022
Diluted NI Available to Com Stockholders,UNCRY,0.10165500260395237,0.0469491650475886,0.10208220915812292,0.06413202798260005
Basic EPS,UNCRY,0.10024280813758138,0.046051846578510455,0.10167474504297898,0.06481871884998743
Diluted EPS,UNCRY,0.10024280813758138,0.046051846578510455,0.10167474504100675,0.06481871884998743
Basic Average Shares,UNCRY,0.10084246593248976,0.04658964551465007,0.10255108863549585,0.06587068547448886
Diluted Average Shares,UNCRY,0.10084246593248976,0.04658964551465007,0.1025567408701195,0.0658767617569558
Net Income from Continuing & Discontinued Operation,UNCRY,0.10165544823185248,0.0469491650475886,0.1020881258697566,0.06416084680081591
Normalized Income,UNCRY,0.10178658523361449,0.04698870862388855,0.10234814562368451,0.06473090192271125
Reconciled Depreciation,UNCRY,0.10040293674727878,0.04621149626712363,0.10196486104405504,0.06515674956801301
Net Income from Continuing Operation Net Minority Interest,UNCRY,0.10165544823185248,0.0469487482070647,0.10208733697487211,0.06414927202956527
Total Unusual Items Excluding Goodwill,UNCRY,0.10008535259713426,0.04600682756988783,0.10133157567553068,0.06432879909386077
Total Unusual Items,UNCRY,0.10008535259713426,0.04600682756988783,0.10133157567553068,0.06432879909386077
Tax Rate for Calcs,UNCRY,0.1002428077885062,0.04605184634646923,0.10167474495028384,0.06481871900353031
Tax Effect of Unusual Items,UNCRY,0.10021648959889627,0.04604678798671168,0.10159238432434307,0.06470113822520962
Total Revenue,ITUB,0.11187970540019221,0.06623665398220951,0.1268397028706307,0.08844660664321005
Net Interest Income,ITUB,0.11187970540019221,0.05324345695850644,0.11349791258413564,0.07445908613637679
Interest Income,ITUB,0.11187970540019221,0.07248967868126108,0.12716650257653067,0.09183494376196602
Interest Income from Loans And Lease,ITUB,0.11187970540019221,0.05430122927170815,0.11997493680951975,0.08359890346758887
Interest Income from Loans,ITUB,0.11187970540019221,0.05430122927170815,0.11997493680951975,0.08359890346758887
Interest Income from Securities,ITUB,0.11187970540019221,0.05430122927170815,0.10598132212471481,0.07339326230203304
Interest Income from Deposits,ITUB,0.11187970540019221,0.05430122927170815,0.10262457439120981,0.06560863808643047
Interest Income from Federal Funds Sold And Securities Purchase Under Agreements To Resell,ITUB,0.11187970540019221,0.05430122927170815,0.10360990410193784,0.06714123228794253
Interest Expense,ITUB,0.11187970540019221,0.06529806806922386,0.11534333494267889,0.08219457662911953
Interest Expense for Deposit,ITUB,0.11187970540019221,0.05430122927170815,0.10571625344352616,0.06894736904268375
Interest Expense for Long Term Debt And Capital Securities,ITUB,0.11187970540019221,0.05430122927170815,0.1085369471030202,0.0736245215072242
Interest Expense for Federal Funds Sold And Securities Purchase Under Agreements To Resell,ITUB,0.11187970540019221,0.05430122927170815,0.10337777178217665,0.06734390889473928
Other Interest Expense,ITUB,0.11187970540019221,0.05430122927170815,0.10273659746480739,0.06673493419506325
Non Interest Income,ITUB,0.11187970540019221,0.05904504337017231,0.1150165352367789,0.07880623951036356
Total Premiums Earned,ITUB,0.11187970540019221,0.04687691269011228,0.10273068075317371,0.06587887356215948
Fees And Commissions,ITUB,0.11187970540019221,0.052495922952309135,0.11002204172307264,0.0739266466588478
Fees & Commission Income,ITUB,0.11187970540019221,0.052495922952309135,0.11002204172307264,0.0739266466588478
Service Charge on Depositor Accounts,ITUB,0.11187970540019221,0.05430122927170815,0.1042266226778879,0.06783524612333747
Trust Fees by Commissions,ITUB,0.11187970540019221,0.05430122927170815,0.10309021959678004,0.06646068298236973
Securities Activities,ITUB,0.11187970540019221,0.05430122927170815,0.10238060864818127,0.06550163050731751
Credit Card,ITUB,0.11187970540019221,0.05430122927170815,0.10484038289802113,0.06808162339710089
Other Customer Services,ITUB,0.11187970540019221,0.05430122927170815,0.10218318770333765,0.06532233966284345
Fees & Commission Expense,ITUB,0.11187970540019221,0.05430122927170815,0.10278787563229924,0.06613588072788776
Foreign Exchange Trading Gains,ITUB,0.11187970540019221,0.04622969830333402,0.10139527893745325,0.06545391410338633
Gain Losson Saleof Assets,ITUB,0.11187970540019221,0.05085746179969229,0.10520504955837663,0.06632556524450524
Gain on Sale of Security,ITUB,0.11187970540019221,0.05085746179969229,0.10520504955837663,0.06632556524450524
Gain on Saleof Investment Property,ITUB,0.11187970540019221,0.05430122927170815,0.10165127532747026,0.06465738086548581
Other Non Interest Income,ITUB,0.11187970540019221,0.04679243301060151,0.102362464065838,0.06649611595558595
Credit Losses Provision,ITUB,0.11187970540019221,0.042140492763856924,0.09891341563084767,0.0590426719296443
Non Interest Expense,ITUB,0.11187970540019221,0.05720358088241526,0.11597898699585671,0.08176560143338188
Selling General and Administrative,ITUB,0.11187970540019221,0.055877333282200896,0.11432644943657126,0.08030552671705236
General & Administrative Expense,ITUB,0.11187970540019221,0.055877333282200896,0.11432644943657126,0.08030552671705236
Salaries and Wages,ITUB,0.11187970540019221,0.05430122927170815,0.10724532895338892,0.07076153727135398
Insurance & Claims,ITUB,0.11187970540019221,0.04626721395048518,0.10199030290407984,0.06513856064176202
Other G and A,ITUB,0.11187970540019221,0.055661965678184946,0.11401089148277527,0.07998568507882066
Selling & Marketing Expense,ITUB,0.11187970540019221,0.05430122927170815,0.10194868869892298,0.06507737970800868
Depreciation Amortization Depletion,ITUB,0.11187970540019221,0.05430122927170815,0.10276894215507149,0.06601493617930974
Depreciation & amortization,ITUB,0.11187970540019221,0.05430122927170815,0.10276894215507149,0.06601493617930974
Other Non Interest Expense,ITUB,0.11187970540019221,0.047378093946683596,0.10332728250956928,0.06627879371985983
Income from Associates & Other Participating Interests,ITUB,0.11187970540019221,0.046145218623823245,0.10190431336167043,0.06514919053372688
Special Income Charges,ITUB,0.11187970540019221,0.05430122927170815,0.1013826566193014,0.06309880248361521
Impairment of Capital Assets,ITUB,0.11187970540019221,0.05430122927170815,0.10176152338757774,0.06628351811628866
Other Special Charges,ITUB,0.11187970540019221,0.05430122927170815,0.10188005484397236,0.06507383641068706
Other Non Operating Income Expenses,ITUB,0.11187970540019221,0.05430122927170815,0.11183280180030235,0.06399502048616403
Pretax Income,ITUB,0.11187970540019221,0.0512669381410052,0.11000369991700824,0.06605414866966902
Tax Provision,ITUB,0.11187970540019221,0.046996129079948205,0.10440570181666713,0.06249573327947522
Net Income Common Stockholders,ITUB,0.11187970540019221,0.05017884542678008,0.106952451727522,0.0692823287494877
Net Income,ITUB,0.11187970540019221,0.05017884542678008,0.106952451727522,0.0692823287494877
Net Income Including Non-Controlling Interests,ITUB,0.11187970540019221,0.05032265540752622,0.10727274305062495,0.06837713439372411
Net Income Continuous Operations,ITUB,0.11187970540019221,0.05032265540752622,0.10727274305062495,0.06837713439372411
Minority Interests,ITUB,0.11187970540019221,0.04590803636572309,0.10135445362718089,0.0657239133592939
Diluted NI Available to Com Stockholders,ITUB,0.11187970540019221,0.05017884542678008,0.106952451727522,0.0692823287494877
Basic EPS,ITUB,0.1002428082905803,0.04605184676747816,0.10167474549067683,0.06481871946179676
Diluted EPS,ITUB,0.10024280828760944,0.04605184676469922,0.10167474548673236,0.06481871945943457
Basic Average Shares,ITUB,0.10169840289931455,0.0474133856106929,0.10360300758285762,0.06712413351616749
Diluted Average Shares,ITUB,0.10170841467280366,0.04742168990761007,0.10361371683091457,0.06713403325266427
Interest Income after Provision for Loan Loss,ITUB,0.11187970540019221,0.04933210337589414,0.11073658326469947,0.06868303906249078
Net Income from Continuing & Discontinued Operation,ITUB,0.11187970540019221,0.05017884542678008,0.106952451727522,0.0692823287494877
Normalized Income,ITUB,0.11187970540019221,0.05017884542678008,0.106952451727522,0.0692823287494877
Total Money Market Investments,ITUB,0.11187970540019221,0.05430122927170815,0.10455973354286381,0.06793115137084269
Reconciled Depreciation,ITUB,0.11187970540019221,0.04671823539734698,0.10250959296179539,0.06569958271768543
Net Income from Continuing Operation Net Minority Interest,ITUB,0.11187970540019221,0.05017884542678008,0.106952451727522,0.0692823287494877
Total Unusual Items Excluding Goodwill,ITUB,0.11187970540019221,0.05430122927170815,0.10135918699648783,0.06293746434557071
Total Unusual Items,ITUB,0.11187970540019221,0.05430122927170815,0.10135918699648783,0.06293746434557071
Tax Rate for Calcs,ITUB,0.11187970540019221,0.04605184634646923,0.10167474495028384,0.06481871900353031
Tax Effect of Unusual Items,ITUB,0.11187970540019221,0.04605184634646923,0.10167474495028384,0.06481871900353031
Total Revenue,PNC,0.10343781128965607,0.048985569953690404,0.10546360985676824,0.06881107020571203
Net Interest Income,PNC,0.10230992707447958,0.04786010053915543,0.10377458590907512,0.06716816134758684
Interest Income,PNC,0.10385358212045798,0.048196629788785514,0.10387063386126177,0.06748965652456863
Interest Income from Loans And Lease,PNC,0.10296098943653918,0.047690724339609976,0.10345113900643421,0.06692745334953802
Interest Income from Loans,PNC,0.10296098943653918,0.047690724339609976,0.10345113900643421,0.06692745334953802
Interest Income from Securities,PNC,0.10076939142380194,0.0464306154358547,0.10203645325482251,0.06530084365909228
Other Interest Income,PNC,0.10060881683712924,0.046178982706259294,0.10173253150057272,0.06489879752299896
Interest Expense,PNC,0.1017864628344846,0.04638837559609932,0.1017707929024705,0.06514021418051211
Interest Expense for Deposit,PNC,0.10122452605244685,0.046227891994397106,0.10169959513914527,0.06497060834871715
Interest Expense for Long Term Debt And Capital Securities,PNC,0.10080474457054395,0.04621232994817144,0.10174594271360905,0.06498832483532527
Non Interest Income,PNC,0.10137069200368268,0.04717731576100421,0.10336376889797695,0.0664616278616555
Fees And Commissions,PNC,0.10127592180359278,0.047045872049133824,0.10312729765635106,0.06631800621021912
Fees & Commission Income,PNC,0.10127592180359278,0.047045872049133824,0.10312729765635106,0.06631800621021912
Service Charge on Depositor Accounts,PNC,0.10066021258827518,0.04647938577715122,0.10237074746212514,0.0655819452466076
Trust Fees by Commissions,PNC,0.10045254998682428,0.04625248558530732,0.101958352661258,0.06510289144872436
Credit Card,PNC,0.10064877480550571,0.046417693379613746,0.1021476874335356,0.06527060752194778
Gain Losson Saleof Assets,PNC,0.10024563009854022,0.04605101266542142,0.10165975594747853,0.06479438836192185
Gain on Sale of Security,PNC,0.10024563009854022,0.04605101266542142,0.10165975594747853,0.06479438836192185
Other Non Interest Income,PNC,0.10033475567856207,0.04618412373938741,0.10191121619190971,0.0649623406549667
Credit Losses Provision,PNC,0.10012976684451182,0.04598640238421664,0.10182838222903827,0.06406872107045375
Non Interest Expense,PNC,0.10224768771109766,0.047881776246398326,0.10423904777231861,0.06725107450491279
Occupancy And Equipment,PNC,0.10059827031016,0.04638351245665379,0.10213841791864284,0.06529163108605607
Net Occupancy Expense,PNC,0.10038867665447529,0.04618968161303944,0.10186013524813899,0.06501383657604094
Equipment,PNC,0.1004524014441909,0.04624567719008359,0.10195302762078769,0.06509651351354544
Selling General and Administrative,PNC,0.10139817239085608,0.0471077033935126,0.1031460339098577,0.06621454192842777
General & Administrative Expense,PNC,0.10134618246917666,0.04705837726485088,0.10308311954281962,0.06615879405056758
Salaries and Wages,PNC,0.10134618246917666,0.04705837726485088,0.10308311954281962,0.06615879405056758
Selling & Marketing Expense,PNC,0.10029479771018561,0.046101172475130944,0.10173765931732191,0.0648744668813905
Other Non Interest Expense,PNC,0.10073686058709397,0.046494253089170386,0.10230408584438574,0.06538233949748957
Special Income Charges,PNC,0.10016630833232078,0.05430122927170815,0.11183280180030235,0.07727821446788524
Other Special Charges,PNC,0.10031930724469161,0.05430122927170815,0.11183280180030235,0.07727821446788524
Pretax Income,PNC,0.1012433909668848,0.047090196091508725,0.10305294431348788,0.065628716771253
Tax Provision,PNC,0.10040457071624585,0.04624081405063806,0.10192383851006155,0.06491934864746436
Net Income Common Stockholders,PNC,0.10100423732715952,0.04684495491661314,0.10274152805783546,0.06653107648915929
Net Income,PNC,0.10107137859744264,0.04689122421476624,0.10279379234393292,0.06659438340130559
Net Income Including Non-Controlling Interests,PNC,0.10108162803914515,0.046901228387339886,0.10280385075371017,0.0666040684139847
Net Income Continuous Operations,PNC,0.10108162803914515,0.046901228387339886,0.10280385075371017,0.06552808712731895
Net Income Discontinuous Operations,PNC,0.11187970540019221,0.05430122927170815,0.11183280180030235,0.06589470029019606
Minority Interests,PNC,0.10023255834680368,0.046041842173895585,0.10166468654050659,0.06480903399085121
Preferred Stock Dividends,PNC,0.10030475006662137,0.046093669345700715,0.10172069807730538,0.0648728133426404
Average Dilution Earnings,PNC,0.11187970540019221,0.05430122927170815,0.11183280180030235,0.06481824656388743
Diluted NI Available to Com Stockholders,PNC,0.10100423732715952,0.04684495491661314,0.10274152805783546,0.06546029203856525
Basic EPS,PNC,0.1002428096898519,0.04605184827227245,0.10167474745699732,0.06481872301690508
Diluted EPS,PNC,0.10024280968836648,0.04605184827088298,0.1016747474550251,0.06481872300981849
Basic Average Shares,PNC,0.10030237338448746,0.046109092445085084,0.10175876225548203,0.0649195848672858
Diluted Average Shares,PNC,0.10030237338448746,0.046109092445085084,0.10175876225548203,0.0649195848672858
Interest Income after Provision for Loan Loss,PNC,0.1021968861304852,0.047794656576902836,0.10392822318782956,0.06641816341451028
Net Income from Continuing & Discontinued Operation,PNC,0.10107137859744264,0.04689122421476624,0.10279379234393292,0.06659438340130559
Normalized Income,PNC,0.10113551054251632,0.04689122421476624,0.10279379234393292,0.06551840211463984
Reconciled Depreciation,PNC,0.10027504153994743,0.04614230074015593,0.10202442260783404,0.06517234007622814
Net Income from Continuing Operation Net Minority Interest,PNC,0.10107137859744264,0.04689122421476624,0.10279379234393292,0.06551840211463984
Total Unusual Items Excluding Goodwill,PNC,0.10016630833232078,0.05430122927170815,0.11183280180030235,0.07727821446788524
Total Unusual Items,PNC,0.10016630833232078,0.05430122927170815,0.11183280180030235,0.07727821446788524
Tax Rate for Calcs,PNC,0.1002428077885062,0.04605184634646923,0.10167474495028384,0.06481871900353031
Tax Effect of Unusual Items,PNC,0.10023044027739446,0.04605184634646923,0.10167474495028384,0.06481871900353031
Total Revenue,BNS,0.10496453247543032,0.0504299223690103,0.10777152184134377,0.07216373813143036
Net Interest Income,BNS,0.10295920692493873,0.04856886837662986,0.1050198564842426,0.068910046310896
Interest Income,BNS,0.10868359438710865,0.050714624446835256,0.10660257684625069,0.07183728233819829
Interest Income from Loans And Lease,BNS,0.10693361362337966,0.05013549401229429,0.10624224910775988,0.07119122112655596
Interest Income from Loans,BNS,0.10693361362337966,0.05013549401229429,0.10624224910775988,0.07119122112655596
Interest Income from Securities,BNS,0.10125779960232167,0.0464515964088911,0.10196407214917054,0.06529942634016364
Interest Income from Deposits,BNS,0.10075825072629921,0.04616745011843134,0.10171063966752814,0.06491651400960707
Interest Income from Federal Funds Sold And Securities Purchase Under Agreements To Resell,BNS,0.10046235380062668,0.04611562294662621,0.10170985077264363,0.06488627787246257
Interest Expense,BNS,0.1059671952506761,0.04819760241667462,0.10325746531229192,0.0677459550308326
Interest Expense for Deposit,BNS,0.10553835266813764,0.04782953223406929,0.10294979630734082,0.06735359390741837
Interest Expense for Long Term Debt And Capital Securities,BNS,0.10031277136882334,0.0460893619936204,0.10171024522008588,0.06487541176067625
Other Interest Expense,BNS,0.10060168679072751,0.04638240088192339,0.10194691368543289,0.06515438736979859
Non Interest Income,BNS,0.10224813333899777,0.047912900338849665,0.10442641030738499,0.06807241082406466
Total Premiums Earned,BNS,0.10031440533779042,0.046112010328752395,0.10175323999129059,0.0649361202547867
Fees And Commissions,BNS,0.10184320612043184,0.047457571539907546,0.10359235119075794,0.06691304394043009
Fees & Commission Income,BNS,0.10184320612043184,0.047457571539907546,0.10359235119075794,0.06691304394043009
Service Charge on Depositor Accounts,BNS,0.10093367957630889,0.04664862302985537,0.10243800075102792,0.06566816548143371
Trust Fees by Commissions,BNS,0.10071160833942111,0.04650592462383964,0.10234293891744688,0.06550163050731751
Securities Activities,BNS,0.1004087299099802,0.04620816154293242,0.10187966039653011,0.06503178928247048
Credit Card,BNS,0.10035837395726786,0.04616008593584241,0.10182246551740459,0.06500509644264761
Other Customer Services,BNS,0.10040204549147856,0.04614216179331463,0.10180826540948378,0.06498123824068203
Investment Banking Profit,BNS,0.10032510040739304,0.04612729448129546,0.10181753492437652,0.0649817106803249
Trading Gain Loss,BNS,0.10047750514923039,0.04630070013923863,0.10207570077532588,0.06538824499302562
Foreign Exchange Trading Gains,BNS,0.11187970540019221,0.04617384167313117,0.10182996001880724,0.06498596263711084
Gain Losson Saleof Assets,BNS,0.10026196978821089,0.04606212841272547,0.10175738168943417,0.06496210443514526
Gain on Sale of Security,BNS,0.10026196978821089,0.04606212841272547,0.10175738168943417,0.06496210443514526
Other Non Interest Income,BNS,0.10023998547847217,0.0461124271692763,0.10180392648761907,0.06498478153800365
Credit Losses Provision,BNS,0.09973449489711492,0.04585982181179178,0.10131816446249435,0.06338155760988061
Non Interest Expense,BNS,0.10296767385504081,0.048397824814988805,0.10491513068832656,0.06886044014839329
Occupancy And Equipment,BNS,0.10063778265063635,0.04638865348978192,0.10213841791864284,0.06538753633356129
Professional Expense And Contract Services Expense,BNS,0.1003586710425346,0.04616661643738354,0.1018303544662495,0.06499659252907572
Selling General and Administrative,BNS,0.10175378345514326,0.04734627512002575,0.10343891113572462,0.06696099656418271
General & Administrative Expense,BNS,0.10166822289832228,0.04727958063620146,0.10335923275239113,0.06685587874364127
Salaries and Wages,BNS,0.10166822289832228,0.04727958063620146,0.10335923275239113,0.06685587874364127
Other G and A,BNS,0.11187970540019221,0.05430122927170815,0.11183280180030235,0.06491745888889283
Selling & Marketing Expense,BNS,0.10032836834532717,0.04611854083029352,0.10175442333361732,0.06492383682407175
Depreciation Amortization Depletion,BNS,0.10051315538123913,0.04626457396050047,0.10197274999289993,0.06518391484747878
Depreciation & amortization,BNS,0.10051315538123913,0.04626457396050047,0.10197274999289993,0.06518391484747878
Other Non Interest Expense,BNS,0.10067551247951226,0.04643909119317404,0.10223367697594501,0.06560627588821606
Income from Associates & Other Participating Interests,BNS,0.10026553481141176,0.0460890840999378,0.10174160379174436,0.06487588420031914
Special Income Charges,BNS,0.1001804198824909,0.045971396125356175,0.10163766689071281,0.06487871883817643
Gain on Sale of Business,BNS,0.10029732293495289,0.046001686536759706,0.10167474495028384,0.06488911251031985
Restructuring & Mergers Acquisition,BNS,0.10030831508982226,0.04606365682797978,0.10171182300985486,0.06488556921299823
Impairment of Capital Assets,BNS,0.10026672315247873,0.04605184634646923,0.11183280180030235,0.06482911267567373
Write Off,BNS,0.1002702881756796,0.04605184634646923,0.11183280180030235,0.07727821446788524
Other Special Charges,BNS,0.11187970540019221,0.04607032627636221,0.11183280180030235,0.07727821446788524
Pretax Income,BNS,0.1016916926343947,0.04784870689816878,0.10420433639740105,0.06680202062435261
Tax Provision,BNS,0.10057346369038725,0.04643506173477632,0.10224097425362653,0.06518320618801444
Net Income Common Stockholders,BNS,0.10128126933839408,0.047393517046067965,0.10352687291534526,0.06637351786825785
Net Income,BNS,0.10134350870177601,0.047429643224806126,0.1035728260423668,0.06641981695326037
Net Income Including Non-Controlling Interests,BNS,0.10136103673251365,0.04746549150986168,0.10363810709405835,0.06643753343986848
Net Income Continuous Operations,BNS,0.10136103673251365,0.04746549150986168,0.10363810709405835,0.06643753343986848
Minority Interests,BNS,0.10022527975776857,0.04601599806141367,0.10160946389859228,0.06480100251692221
Preferred Stock Dividends,BNS,0.10030504715188812,0.04608797252520739,0.10172069807730538,0.06486501808853283
Average Dilution Earnings,BNS,0.10023746025370488,0.04605684843275605,0.10168322557029211,0.06482013632245896
Diluted NI Available to Com Stockholders,BNS,0.10127592180359278,0.04739851913235479,0.10353535353535352,0.0663749351871865
Basic EPS,BNS,0.10024280865599518,0.0460518474649913,0.10167474647679543,0.06481872028620395
Diluted EPS,BNS,0.10024280864708261,0.046051847460822894,0.1016747464689065,0.06481872025549537
Basic Average Shares,BNS,0.10042061332064978,0.04621844360918866,0.10191417454772655,0.06510501742711733
Diluted Average Shares,BNS,0.10042165311908337,0.04621969413076037,0.1019163440086589,0.06511234024158202
Interest Income after Provision for Loan Loss,BNS,0.10245089403354747,0.04837684384195241,0.10466327599645311,0.0674728849172463
Net Income from Continuing & Discontinued Operation,BNS,0.10134350870177601,0.047429643224806126,0.1035728260423668,0.06641981695326037
Normalized Income,BNS,0.10139167216521983,0.0474929575488221,0.10360159861659392,0.06637085708818913
Total Money Market Investments,BNS,0.1009777967384197,0.04623122671858832,0.10174574548988793,0.06498407287853931
Reconciled Depreciation,BNS,0.10051315538123913,0.04626457396050047,0.10197274999289993,0.06518391484747878
Net Income from Continuing Operation Net Minority Interest,BNS,0.10134350870177601,0.047429643224806126,0.1035728260423668,0.06641981695326037
Total Unusual Items Excluding Goodwill,BNS,0.1001804198824909,0.045971396125356175,0.10163766689071281,0.06487871883817643
Total Unusual Items,BNS,0.1001804198824909,0.045971396125356175,0.10163766689071281,0.06487871883817643
Tax Rate for Calcs,BNS,0.1002428077885062,0.04605184634646923,0.10167474495028384,0.06481871900353031
Tax Effect of Unusual Items,BNS,0.10022858334593471,0.04603471044937215,0.10166643946493993,0.0648297589731052
Total Revenue,NU,0.11187970540019221,0.04646468464555425,0.10190060634460821,0.06490373853300405
Net Interest Income,NU,0.11187970540019221,0.046330755730480365,0.1018087391408619,0.06485836755567997
Interest Income,NU,0.11187970540019221,0.04654583196297011,0.10188118809147394,0.0649091727699963
Interest Income from Loans And Lease,NU,0.11187970540019221,0.046322385711707256,0.1018030452920331,0.06487925789180897
Interest Income from Loans,NU,0.11187970540019221,0.046322385711707256,0.1018030452920331,0.06487925789180897
Interest Income from Securities,NU,0.11187970540019221,0.04627529259773208,0.10175288774972467,0.06484863388171766
Other Interest Income,NU,0.11187970540019221,0.04612823098300583,0.10169120090312686,0.0648276911047883
Interest Expense,NU,0.11187970540019221,0.04626692257895897,0.10174719390089586,0.06486952421784666
Interest Expense for Deposit,NU,0.11187970540019221,0.046247469326442685,0.10173734770384255,0.06483934689943768
Other Interest Expense,NU,0.11187970540019221,0.046071299598985524,0.10168459114733716,0.06484889632193927
Non Interest Income,NU,0.11187970540019221,0.04618577526154311,0.10176661215403014,0.06486408998085438
Fees And Commissions,NU,0.11187970540019221,0.04618577526154311,0.10176661215403014,0.06486408998085438
Fees & Commission Income,NU,0.11187970540019221,0.046223726090201235,0.10180319222370533,0.06490239066270291
Service Charge on Depositor Accounts,NU,0.11187970540019221,0.046190076499962415,0.10177727821009216,0.06488240717446843
Other Customer Services,NU,0.11187970540019221,0.04608549593670805,0.101700658963897,0.0648387024917648
Fees & Commission Expense,NU,0.11187970540019221,0.046089797175127345,0.10171132501995903,0.06485701968537883
Credit Losses Provision,NU,0.11187970540019221,0.04585663840071074,0.10157995074929235,0.06477868328709331
Non Interest Expense,NU,0.11187970540019221,0.04629151880985917,0.10183856449531238,0.06490708293323602
Selling General and Administrative,NU,0.11187970540019221,0.046250308427250975,0.10180488479768,0.06488120788643496
General & Administrative Expense,NU,0.11187970540019221,0.046229049977372504,0.10178919091729541,0.06487661908018365
Salaries and Wages,NU,0.11187970540019221,0.046192995217310774,0.1017638433302093,0.06486056369135991
Other G and A,NU,0.11187970540019221,0.04608790110653096,0.10170009253736995,0.06483477439235405
Selling & Marketing Expense,NU,0.11187970540019221,0.0460731047963477,0.10169043883066843,0.06482330780978163
Depreciation Amortization Depletion,NU,0.11187970540019221,0.046056790214029544,0.10167816461238438,0.06482047411680363
Depreciation & amortization,NU,0.11187970540019221,0.046056790214029544,0.10167816461238438,0.06482047411680363
Other Non Interest Expense,NU,0.11187970540019221,0.0460881128615171,0.10170500498581567,0.06484283893705806
Other Non Operating Income Expenses,NU,0.11187970540019221,0.04603096763830803,0.1016739369246984,0.06481646664753286
Pretax Income,NU,0.11187970540019221,0.04600892552824463,0.10164118457300275,0.0647730865308639
Tax Provision,NU,0.11187970540019221,0.046059590270775434,0.10167379235971082,0.06481359610426271
Net Income Common Stockholders,NU,0.11187970540019221,0.04600118938496153,0.10164220441686467,0.0647782094301315
Net Income,NU,0.11187970540019221,0.04600118938496153,0.10164220441686467,0.0647782094301315
Net Income Including Non-Controlling Interests,NU,0.11187970540019221,0.04600118160393842,0.10164213716357577,0.0647782094301315
Net Income Continuous Operations,NU,0.11187970540019221,0.04600118160393842,0.10164213716357577,0.0647782094301315
Minority Interests,NU,0.11187970540019221,0.04605185412749234,0.10167481220357273,0.06481871900353031
Diluted NI Available to Com Stockholders,NU,0.11187970540019221,0.04600118938496153,0.10164220441686467,0.0647782094301315
Basic EPS,NU,0.10024280782118557,0.04605184633535348,0.10167474494239488,0.06481871899408152
Diluted EPS,NU,0.10024280781970014,0.04605184633535348,0.10167474494239488,0.06481871899408152
Basic Average Shares,NU,0.10094672770976672,0.04670169752745485,0.10258394413519764,0.06590738151509032
Diluted Average Shares,NU,0.10096436536496778,0.04670169752745485,0.10258394413519764,0.06590738151509032
Interest Income after Provision for Loan Loss,NU,0.11187970540019221,0.04613554778472188,0.10171394493987042,0.06481833183924297
Net Income from Continuing & Discontinued Operation,NU,0.11187970540019221,0.04600118938496153,0.10164220441686467,0.0647782094301315
Normalized Income,NU,0.11187970540019221,0.04600118938496153,0.10164220441686467,0.0647782094301315
Reconciled Depreciation,NU,0.11187970540019221,0.046056790214029544,0.10167816461238438,0.06482047364436398
Net Income from Continuing Operation Net Minority Interest,NU,0.11187970540019221,0.04600118938496153,0.10164220441686467,0.0647782094301315
Tax Rate for Calcs,NU,0.11187970540019221,0.04605184634646923,0.10167474495028384,0.06481871900353031
Tax Effect of Unusual Items,NU,0.11187970540019221,0.04605184634646923,0.10167474495028384,0.06481871900353031
Total Revenue,ING,0.10357090548915536,0.048634868126247656,0.1052809806910088,0.06903264439822411
Net Interest Income,ING,0.10261592489922126,0.047963199095400484,0.10435994591336671,0.06803225345441961
Interest Income,ING,0.1080008924441413,0.05000780186513903,0.10583872937434323,0.0701802002907866
Interest Income from Loans And Lease,ING,0.10497091980866521,0.04862750394365872,0.10443134090041306,0.06854225204891168
Interest Income from Loans,ING,0.10497091980866521,0.04862750394365872,0.10443134090041306,0.06854225204891168
Interest Income from Securities,ING,0.10324455732364202,0.04729500373558583,0.10278610061880913,0.06628895117218181
Other Interest Income,ING,0.10027103088884645,0.04618898687883294,0.10197077775568872,0.06498643507675374
Interest Expense,ING,0.10562777533342622,0.048096310169366475,0.10315352841126037,0.06696690205971874
Interest Expense for Deposit,ING,0.1020186349704415,0.046629031525231984,0.10196486104405504,0.06519525339890796
Interest Expense for Long Term Debt And Capital Securities,ING,0.10094838529701249,0.04638323456297119,0.10203033931946771,0.06537667022177499
Other Interest Expense,ING,0.10314637064298462,0.047187736774101756,0.10250781794830528,0.06603241644609642
Non Interest Income,ING,0.10119778837844029,0.0467235153773164,0.10259577972792593,0.0658191099473348
Fees And Commissions,ING,0.10077681855547044,0.04655024866621453,0.10236838077747168,0.06552997688589048
Fees & Commission Income,ING,0.10100171210239223,0.046758529981324154,0.10266165245078084,0.06588501527751696
Service Charge on Depositor Accounts,ING,0.1007852854855725,0.046555111805660056,0.10233149994162177,0.06552808712731895
Trust Fees by Commissions,ING,0.10033564693436228,0.0461352144512496,0.10179643198621642,0.06494273440978707
Securities Activities,ING,0.10032955668639412,0.046139660750171216,0.10184297678440132,0.06498407287853931
Other Customer Services,ING,0.10027964636158189,0.046084082013650975,0.10171497858939282,0.06488627787246257
Fees & Commission Expense,ING,0.10046770133542798,0.04626012766157885,0.10196801662359299,0.0651737573951568
Dividend Income,ING,0.10025840476501002,0.04607254942582302,0.10169880624426078,0.06484399452442455
Trading Gain Loss,ING,0.10041303764634792,0.04601224649669856,0.10184652681138154,0.06471761691995338
Foreign Exchange Trading Gains,ING,0.10042551522755098,0.04605712632643865,0.10178657080016029,0.0649184037681786
Gain Losson Saleof Assets,ING,0.1002845482684831,0.046255820309498534,0.10156706079855095,0.06507194665211553
Gain on Sale of Security,ING,0.1002845482684831,0.04625595925633983,0.10156706079855095,0.06507076555300832
Gain on Saleof Loans,ING,0.11187970540019221,0.05430122927170815,0.10167494217400495,0.06481966388281608
Gain on Saleof Investment Property,ING,0.11187970540019221,0.046051707399627925,0.10167474495028384,0.06481895522335175
Other Non Interest Income,ING,0.10025350285810881,0.04603475588498925,0.10170215904751986,0.06483076621442382
Credit Losses Provision,ING,0.10016927918498816,0.045793266274808786,0.10157790810321268,0.06419320891635338
Non Interest Expense,ING,0.10192921230515292,0.04757317531186966,0.10381580566678973,0.06728627125830756
Professional Expense And Contract Services Expense,ING,0.10029256957068505,0.04609922721935274,0.10174081489685988,0.06492430926371463
Selling General and Administrative,ING,0.10138703169335335,0.04704962361384894,0.1030478164967387,0.0664439113750474
General & Administrative Expense,ING,0.10133221946163991,0.04700363220937844,0.10298766326179634,0.06636477773486452
Salaries and Wages,ING,0.10124175699791774,0.04690664731415061,0.10284645107747262,0.06619162860574794
Insurance & Claims,ING,0.10029034143118451,0.04611089875402199,0.10176053726897212,0.06491627778978562
Other G and A,ING,0.10028573660955005,0.04608977883414429,0.10173016481591926,0.06489430934639157
Selling & Marketing Expense,ING,0.10029762002021964,0.04609783775093973,0.1017348981852262,0.0648978526437132
Depreciation Amortization Depletion,ING,0.10034292552339741,0.04615063755063396,0.1018392295337,0.06501454523550526
Depreciation & amortization,ING,0.10034292552339741,0.04615063755063396,0.1018392295337,0.06501454523550526
Depreciation,ING,0.10031128594248964,0.046119235564500025,0.10178775414248703,0.06495525406032346
Amortization,ING,0.10027444736941395,0.04608324833260317,0.10172622034149681,0.06487801017871211
Amortization of Intangibles,ING,0.10027444736941395,0.04608324833260317,0.10172622034149681,0.06487801017871211
Other Non Interest Expense,ING,0.1006351088832357,0.0464292259674417,0.10221217959034265,0.0653596623946312
Income from Associates & Other Participating Interests,ING,0.10026494064087829,0.04606462945586889,0.10170255349496211,0.06483430951174544
Special Income Charges,ING,0.10021072257969833,0.0460007139088706,0.1016165639525527,0.06458179052262455
Gain on Sale of Business,ING,0.1002428077885062,0.046061989465884176,0.10166902546237128,0.064818010344066
Restructuring & Mergers Acquisition,ING,0.10026850566407916,0.04607546730949033,0.10171695082660405,0.06485391575692509
Impairment of Capital Assets,ING,0.10024845240857425,0.046062823146931976,0.10169860902053966,0.06495052966389464
Write Off,ING,0.10024355050167304,0.046078524139998946,0.1016753366214472,0.06487423066156905
Other Special Charges,ING,0.11187970540019221,0.05430122927170815,0.10166054484236302,0.06483241975317391
Pretax Income,ING,0.10180131709782157,0.04681633186730521,0.10301231622693664,0.06571848030340074
Tax Provision,ING,0.10068397940961434,0.04629152964771279,0.10204493387483077,0.06511304890104634
Net Income Common Stockholders,ING,0.10132523795787153,0.046562337041407685,0.10261668544236491,0.06540572525981228
Net Income,ING,0.10132523795787153,0.046562337041407685,0.10261668544236491,0.06540572525981228
Net Income Including Non-Controlling Interests,ING,0.10135999693408006,0.04657664856606165,0.10264212730238971,0.06542415040588472
Net Income Continuous Operations,ING,0.10136014547671342,0.04657664856606165,0.10264212730238971,0.06542415040588472
Minority Interests,ING,0.10020790026966431,0.04603767376865656,0.10164950031398015,0.06480029385745788
Diluted NI Available to Com Stockholders,ING,0.10132523795787153,0.046562337041407685,0.10261668544236491,0.06540572525981228
Basic EPS,ING,0.1002428080930186,0.046051846488195006,0.10167474519286901,0.06481871915471099
Diluted EPS,ING,0.10024280809153317,0.04605184648680554,0.10167474519286901,0.06481871915471099
Basic Average Shares,ING,0.10077205033693926,0.046554708859820285,0.10244164938986869,0.06573971646534833
Diluted Average Shares,ING,0.10077240683925935,0.046555431383395046,0.10244208328205516,0.06574023614895551
Interest Income after Provision for Loan Loss,ING,0.10254239629570323,0.04770461902374004,0.10426310906629556,0.0674067433672427
Net Income from Continuing & Discontinued Operation,ING,0.10132523795787153,0.046562337041407685,0.10261668544236491,0.06540572525981228
Normalized Income,ING,0.10134824305258677,0.046597509211133474,0.10265875030372452,0.06556501915152203
Reconciled Depreciation,ING,0.10034292552339741,0.04615063755063396,0.1018392295337,0.06501454523550526
Net Income from Continuing Operation Net Minority Interest,ING,0.10132523795787153,0.046562337041407685,0.10261668544236491,0.06540572525981228
Total Unusual Items Excluding Goodwill,ING,0.10021072257969833,0.0460005749620293,0.1016165639525527,0.064582026742446
Total Unusual Items,ING,0.10021072257969833,0.0460005749620293,0.1016165639525527,0.064582026742446
Tax Rate for Calcs,ING,0.1002428077885062,0.04605184634646923,0.10167474495028384,0.06481871900353031
Tax Effect of Unusual Items,ING,0.10023372767441356,0.046035747131755095,0.10165862881391231,0.06474132063415573
Total Revenue,TFC,0.10371721998302455,0.04925248683582889,0.10607204503643115,0.07018209004935813
Net Interest Income,TFC,0.10241153023570448,0.04804100932652883,0.1042398366672031,0.06808469425477962
Interest Income,TFC,0.1038755664301967,0.048363504945187555,0.10439130448502519,0.06849146478730177
Interest Income from Loans And Lease,TFC,0.1031420629066169,0.04789316988738498,0.10393907049249129,0.06800414329566809
Interest Income from Securities,TFC,0.10069823950241784,0.046435756468982826,0.10208694252742986,0.06522950527301698
Other Interest Income,TFC,0.10052087959817436,0.04613827128175821,0.1017147813656717,0.06489525422567734
Interest Expense,TFC,0.10170684398299841,0.046374341965127956,0.10182621276810591,0.06522548953605246
Interest Expense for Deposit,TFC,0.10118679622357094,0.04621094047975843,0.10170393406100997,0.06500415156336184
Interest Expense for Short Term Debt,TFC,0.10043383361501969,0.046105340880369966,0.1016840144651766,0.06485108111906779
Interest Expense for Long Term Debt And Capital Securities,TFC,0.10057182972142018,0.046161753297938014,0.10178775414248703,0.06500769486068346
Non Interest Income,TFC,0.10154849753582626,0.047263323855769285,0.10350695331951189,0.06691611479810883
Total Premiums Earned,TFC,0.10074101978082832,0.046474661584547,0.10219285166567264,0.06533674907195139
Fees And Commissions,TFC,0.10084395982575356,0.046627503109977674,0.10254430433671295,0.06589540894966038
Fees & Commission Income,TFC,0.10084395982575356,0.046627503109977674,0.10254430433671295,0.06589540894966038
Service Charge on Depositor Accounts,TFC,0.10050320302480335,0.04631042641812967,0.10209739538464936,0.06541399295356273
Trust Fees by Commissions,TFC,0.10044452868462231,0.046237757220129454,0.10194928037008635,0.06512037171551102
Credit Card,TFC,0.10038184369334027,0.046183012164657006,0.10184711848254491,0.06499848228764725
Fees & Commission Expense,TFC,0.11187970540019221,0.05430122927170815,0.11183280180030235,0.06487588420031914
Investment Banking Profit,TFC,0.10036490983313613,0.04619009845356334,0.10195894433242136,0.06505730102318616
Gain Losson Saleof Assets,TFC,0.1002428077885062,0.04604198112073689,0.10167474495028384,0.06491367937174977
Gain on Sale of Security,TFC,0.1002428077885062,0.04604198112073689,0.10167474495028384,0.06491367937174977
Other Non Interest Income,TFC,0.10032703146162684,0.046136464972821305,0.10183508783555643,0.06498785239568237
Credit Losses Provision,TFC,0.0999295313747294,0.04594388465077865,0.10183508783555643,0.06426714572046456
Non Interest Expense,TFC,0.10241717485577254,0.04794847073022262,0.10449386082000889,0.06813453663710377
Occupancy And Equipment,TFC,0.10040976970841378,0.04622163938653858,0.10192659964215726,0.06514659211569103
Net Occupancy Expense,TFC,0.10034901577136557,0.04615522279639689,0.10182542387322142,0.06503226172211338
Equipment,TFC,0.10030356172555442,0.04611826293661092,0.10177592071921968,0.06493304939710796
Professional Expense And Contract Services Expense,TFC,0.10044200345985502,0.046247900339544394,0.10195914155614248,0.06511446621997499
Selling General and Administrative,TFC,0.10157241289979879,0.04727721853989935,0.1034351638850233,0.06680745368024577
General & Administrative Expense,TFC,0.10152829573768797,0.04722830925176153,0.10337718011101328,0.06674296566899225
Salaries and Wages,TFC,0.10152829573768797,0.04722830925176153,0.10337718011101328,0.06674296566899225
Other G and A,TFC,0.11187970540019221,0.05430122927170815,0.11183280180030235,0.06502234048961283
Selling & Marketing Expense,TFC,0.10028692495061702,0.04610075563460705,0.10173272872429386,0.06488320701478383
Depreciation Amortization Depletion,TFC,0.10034708471713176,0.0461584185737468,0.10182542387322142,0.06504147429514959
Depreciation & amortization,TFC,0.10034708471713176,0.0461584185737468,0.10182542387322142,0.06504147429514959
Depreciation,TFC,0.1002688027493459,0.04607741256526854,0.10171221745729711,0.0648796637174622
Amortization,TFC,0.10032108975629205,0.04613285235494749,0.10178795136620815,0.0649805295812177
Amortization of Intangibles,TFC,0.10032108975629205,0.04613285235494749,0.10178795136620815,0.0649805295812177
Other Non Interest Expense,TFC,0.10061713522459795,0.04625067927637041,0.10204651166459976,0.06529942634016364
Special Income Charges,TFC,0.09922855868785757,0.04592137526248795,0.10151262705152114,0.06461556995709068
Gain on Sale of Business,TFC,0.11187970540019221,0.05430122927170815,0.10168204222796537,0.07727821446788524
Restructuring & Mergers Acquisition,TFC,0.1003542147635335,0.04618773635726123,0.10183686284904653,0.06502186804996994
Impairment of Capital Assets,TFC,0.10114564991412751,0.04605184634646923,0.10167474495028384,0.07727821446788524
Loss on Extinguishment of Debt,TFC,0.11187970540019221,0.0460464274196585,0.10167395605539935,0.06487423066156905
Other Special Charges,TFC,0.11187970540019221,0.05430122927170815,0.11183280180030235,0.07727821446788524
Pretax Income,TFC,0.1002153274013328,0.04711742967240364,0.103251154153216,0.0661115500862793
Tax Provision,TFC,0.10037085153847092,0.04624664981797269,0.10198162506035045,0.06505045064836436
Net Income Common Stockholders,TFC,0.10002712388485333,0.04687538427485797,0.1028645956598159,0.06580706273644128
Net Income,TFC,0.1000807477754998,0.04692165357301108,0.10294486571431276,0.06587745624323084
Net Income Including Non-Controlling Interests,TFC,0.10008728365136807,0.04692262620090018,0.10294427404314939,0.06587981844144525
Net Income Continuous Operations,TFC,0.10008728365136807,0.04692262620090018,0.10294427404314939,0.06587981844144525
Minority Interests,TFC,0.10023627191263793,0.046050873718580125,0.1016753366214472,0.0648163568053159
Preferred Stock Dividends,TFC,0.10029643167915267,0.04609811564462234,0.1017550150047807,0.06488911251031985
Diluted NI Available to Com Stockholders,TFC,0.10002712388485333,0.04687538427485797,0.1028645956598159,0.06580706273644128
Basic EPS,TFC,0.10024280762659472,0.04605184696617214,0.10167474583976281,0.06481871973817396
Diluted EPS,TFC,0.10024280762659472,0.046051846962003734,0.10167474583187387,0.06481871973108737
Basic Average Shares,TFC,0.10044066108007726,0.0462363844253374,0.10193846146564046,0.06513692600059764
Diluted Average Shares,TFC,0.10044066108007726,0.046237821413570135,0.10194087430064468,0.06513957378857618
Interest Income after Provision for Loan Loss,TFC,0.10209825382192769,0.04793304763083825,0.1044001795524757,0.06753312097171386
Net Income from Continuing & Discontinued Operation,TFC,0.1000807477754998,0.04692165357301108,0.10294486571431276,0.06587745624323084
Normalized Income,TFC,0.10088200456501221,0.047028272764321005,0.10307537062281673,0.06604424161035777
Reconciled Depreciation,TFC,0.10042328708805044,0.04624164773168587,0.10194770258031738,0.06519856047640814
Net Income from Continuing Operation Net Minority Interest,TFC,0.1000807477754998,0.04692165357301108,0.10294486571431276,0.06587745624323084
Total Unusual Items Excluding Goodwill,TFC,0.09922855868785757,0.04592137526248795,0.10151262705152114,0.06461556995709068
Total Unusual Items,TFC,0.09922855868785757,0.04592137526248795,0.10151262705152114,0.06461556995709068
Tax Rate for Calcs,TFC,0.1002428077885062,0.04605184634646923,0.10167474495028384,0.06481871900353031
Tax Effect of Unusual Items,TFC,0.10002981547736998,0.046027994453797884,0.10164313196002511,0.06478235532421761
Total Revenue,IBKR,0.1013995092745564,0.046634311505201406,0.102254582690384,0.06539037097141859
Operating Revenue,IBKR,0.10137024637578257,0.04660874528640209,0.10221158791917928,0.06534903250266634
Cost of Revenue,IBKR,0.10037842721277278,0.046159946989001104,0.10179998201319662,0.06496470285318112
Gross Profit,IBKR,0.10126388985028983,0.046526210862669524,0.10212934562747121,0.06524438712176778
Operating Expense,IBKR,0.10029494625281897,0.046091863036763804,0.10173174260568824,0.06489690776442743
Selling General and Administrative,IBKR,0.10028024053211537,0.04607935782104675,0.10171596470799844,0.06488060859674796
General & Administrative Expense,IBKR,0.10028024053211537,0.04607935782104675,0.10171596470799844,0.06488060859674796
Salaries and Wages,IBKR,0.11187970540019221,0.05430122927170815,0.11183280180030235,0.06489549044549878
Rental & Landing Fees,IBKR,0.11187970540019221,0.04606435156218629,0.10169052284797364,0.06483501817120978
Other G and A,IBKR,0.10028024053211537,0.04607935782104675,0.10171596470799844,0.06488060859674796
Depreciation Amortization Depletion,IBKR,0.1002575135092098,0.04606435156218629,0.10169052284797364,0.06483501817120978
Depreciation & amortization,IBKR,0.1002575135092098,0.04606435156218629,0.10169052284797364,0.06483501817120978
Other Operating Expenses,IBKR,0.11187970540019221,0.05430122927170815,0.10166784212004455,0.06480029385745788
Operating Income,IBKR,0.10121175138597704,0.04648619417237495,0.1020723479720668,0.06516619836087066
Net Non Operating Interest Income Expense,IBKR,0.09973241530024775,0.0459103984620252,0.1016305668367524,0.0647570656301341
Interest Expense Non Operating,IBKR,0.10075320027676464,0.04619329423091326,0.10171892306381528,0.06488037237692652
Other Income Expense,IBKR,0.10024013402110554,0.04603656219392616,0.10167375883167823,0.06482958511531661
Gain on Sale of Security,IBKR,0.10023092437783661,0.04603795166233917,0.1016674476726023,0.06481423082692292
Special Income Charges,IBKR,0.1002417679900726,0.046051429505945325,0.10167415327912047,0.06481564814585157
Write Off,IBKR,0.10024384758693979,0.04605226318699313,0.1016753366214472,0.06482178986120905
Other Non Operating Income Expenses,IBKR,0.1002530572302087,0.046050873718580125,0.10168164778052312,0.06483265597299535
Pretax Income,IBKR,0.10069868513031795,0.046329462135387856,0.10202718373992975,0.06511541109926075
Tax Provision,IBKR,0.10028098324528222,0.046073522053712124,0.10170452573217334,0.0648369079297813
Net Income Common Stockholders,IBKR,0.10033193336852804,0.04610464614616346,0.10173548985638957,0.06486478186871139
Net Income,IBKR,0.10033193336852804,0.04610464614616346,0.10173548985638957,0.06486478186871139
Net Income Including Non-Controlling Interests,IBKR,0.10066050967354193,0.04630778642814496,0.10199740295804025,0.06509722217300977
Net Income Continuous Operations,IBKR,0.10066050967354193,0.04630778642814496,0.10199740295804025,0.06509722217300977
Minority Interests,IBKR,0.09991423148349232,0.04584870606448773,0.10141283184863314,0.06458627869923193
Diluted NI Available to Com Stockholders,IBKR,0.10033193336852804,0.04610464614616346,0.10173548985638957,0.06486478186871139
Basic EPS,IBKR,0.10024280863817006,0.04605184687168829,0.10167474559520541,0.06481871957990668
Diluted EPS,IBKR,0.10024280863074292,0.04605184686751988,0.1016747455892887,0.06481871957518227
Basic Average Shares,IBKR,0.10025839956601786,0.04606580494614629,0.1016933171136545,0.06483760217983651
Diluted Average Shares,IBKR,0.10025853058062048,0.04606592166149298,0.10169348317602768,0.06483776753371152
Rent Expense Supplemental,IBKR,0.11187970540019221,0.04606435156218629,0.10169052284797364,0.06483501817120978
Total Expenses,IBKR,0.10043056567708555,0.046199963679295686,0.10185697966860102,0.06504289161407824
Net Income from Continuing & Discontinued Operation,IBKR,0.10033193336852804,0.04610464614616346,0.10173548985638957,0.06486478186871139
Normalized Income,IBKR,0.10034377102806655,0.04611784137189442,0.10174271613353149,0.06486766540407173
Interest Income,IBKR,0.11187970540019221,0.05430122927170815,0.11183280180030235,0.06508635606122345
Interest Expense,IBKR,0.10075320027676464,0.04619329423091326,0.10171892306381528,0.06488037237692652
Net Interest Income,IBKR,0.09973241530024775,0.0459103984620252,0.1016305668367524,0.0647570656301341
EBIT,IBKR,0.10120907761857639,0.04647091001983188,0.10207136185346119,0.06517706447265698
EBITDA,IBKR,0.10122378333927999,0.046483415235548935,0.10208713975115098,0.06519336364033643
Reconciled Cost of Revenue,IBKR,0.10037916992593962,0.04616078067004891,0.10180116535552336,0.06496635639193121
Reconciled Depreciation,IBKR,0.10025677079604295,0.04606351788113848,0.1016893395056469,0.06483336463245969
Net Income from Continuing Operation Net Minority Interest,IBKR,0.10033193336852804,0.04610464614616346,0.10173548985638957,0.06486478186871139
Total Unusual Items Excluding Goodwill,IBKR,0.10022988457940303,0.04603753482181527,0.10166685600143893,0.06481564814585157
Total Unusual Items,IBKR,0.10022988457940303,0.04603753482181527,0.10166685600143893,0.06481564814585157
Normalized EBITDA,IBKR,0.10123670654838317,0.046497726760202904,0.10209502869999589,0.06519643449801517
Tax Rate for Calcs,IBKR,0.1002428077885062,0.04605184634646923,0.10167474495028384,0.06481871900353031
Tax Effect of Unusual Items,IBKR,0.10024172223894152,0.04605073004754622,0.10167408227858087,0.0648185316812119
Total Revenue,BSBR,0.10617936552687925,0.0520506512646872,0.1112745352225788,0.07250830749679037
Net Interest Income,BSBR,0.1072070856618629,0.05265226274236324,0.11179596377710248,0.07531696849654353
Interest Income,BSBR,0.11929825890208576,0.06206201253105983,0.11705569203437056,0.07964740412132723
Interest Income from Loans And Lease,BSBR,0.11265583325435817,0.05665604112381872,0.11289500755761299,0.07559567056311263
Interest Income from Loans,BSBR,0.11265583325435817,0.05665604112381872,0.11289500755761299,0.07559567056311263
Interest Income from Securities,BSBR,0.10383680140770883,0.04910891306471296,0.10501923325728385,0.06802101009957848
Interest Income from Deposits,BSBR,0.10229385951491324,0.04746943232017465,0.10218379574406987,0.06518536074900581
Other Interest Income,BSBR,0.10124018809062409,0.04698316506176117,0.10198189032625536,0.06530151972022125
Interest Expense,BSBR,0.11233398102872905,0.05546159613516582,0.10693447320755192,0.06914915462831403
Interest Expense for Deposit,BSBR,0.10891357789590549,0.052338592054436035,0.10520511957279763,0.0676135661043454
Interest Expense for Long Term Debt And Capital Securities,BSBR,0.10127139689789506,0.04713775787317961,0.10274749348372825,0.0656916303773966
Other Interest Expense,BSBR,0.10263462181194087,0.04808893890048863,0.10233135005159372,0.06548139615363266
Non Interest Income,BSBR,0.09921508765352254,0.04545023486879319,0.10115331639576015,0.06201005800377716
Fees And Commissions,BSBR,0.10239255955891156,0.04797738792999358,0.10451064830592711,0.06848781755325872
Fees & Commission Income,BSBR,0.10340484982785395,0.048861345919694,0.10551940582803984,0.0695221043879013
Service Charge on Depositor Accounts,BSBR,0.10098334138929549,0.046729242905061655,0.10267780290407984,0.06602385465866827
Trust Fees by Commissions,BSBR,0.10041970275430723,0.04619520975206742,0.10186133062111272,0.06499694520526912
Credit Card,BSBR,0.10121260075275465,0.04687031952354572,0.1027019176456852,0.06630704159476726
Other Customer Services,BSBR,0.10151762829701516,0.04722211277842689,0.10330258950801359,0.06665041993978757
Fees & Commission Expense,BSBR,0.10125509805744858,0.04693580433616965,0.10268350247239656,0.0658530058381729
Investment Banking Profit,BSBR,0.10041625760501148,0.046193261300511865,0.1018510988516846,0.06498304626719534
Foreign Exchange Trading Gains,BSBR,0.10040103049966474,0.046127696037666824,0.10127984665461234,0.05898386217045859
Gain Losson Saleof Assets,BSBR,0.09662754999425141,0.043184353140622404,0.09835567838648906,0.06382425198040793
Gain on Sale of Security,BSBR,0.09662754999425141,0.043184353140622404,0.09835567838648906,0.06382425198040793
Gain on Saleof Investment Property,BSBR,0.11187970540019221,0.04606700919841984,0.10168413773000229,0.06483701729955862
Other Non Interest Income,BSBR,0.1003489211497081,0.04617492184587544,0.10185502399818237,0.06500595604657783
Credit Losses Provision,BSBR,0.09958559397891349,0.04588295785033675,0.1012449122196662,0.06442740976698097
Non Interest Expense,BSBR,0.1037682806219896,0.04918542983969564,0.10597102763814337,0.06986419391757583
Occupancy And Equipment,BSBR,0.11187970540019221,0.05430122927170815,0.11183280180030235,0.06537508991116954
Equipment,BSBR,0.11187970540019221,0.05430122927170815,0.11183280180030235,0.06537508991116954
Professional Expense And Contract Services Expense,BSBR,0.10052279460980376,0.04630236027609849,0.10203542670535407,0.06525611449102306
Selling General and Administrative,BSBR,0.10292667950471134,0.048382910677884125,0.10478279041587382,0.06845915747476287
General & Administrative Expense,BSBR,0.10284914559762713,0.0483077969881049,0.10466023066497526,0.06830462837307141
Salaries and Wages,BSBR,0.10184913683361176,0.04742700254008721,0.10345482748446665,0.06691433889749124
Insurance & Claims,BSBR,0.10033047824489155,0.0461227682879401,0.1017726024301118,0.06492375084005675
Other G and A,BSBR,0.10115514609613621,0.04686171885301606,0.10278229065096449,0.06610397664258406
Selling & Marketing Expense,BSBR,0.1003203416955904,0.04612696003624845,0.10179730470118238,0.06497324810522176
Depreciation Amortization Depletion,BSBR,0.100649955719441,0.04641109368254565,0.10215477190682204,0.0654279599229451
Depreciation & amortization,BSBR,0.100649955719441,0.04641109368254565,0.10215477190682204,0.0654279599229451
Depreciation,BSBR,0.10051636627880205,0.04631029344600255,0.10203976266886294,0.06530056137640566
Amortization,BSBR,0.10037639722914514,0.04615264658301233,0.10178975418824293,0.06494611755006975
Amortization of Intangibles,BSBR,0.10037639722914514,0.04615264658301233,0.10178975418824293,0.06494611755006975
Other Non Interest Expense,BSBR,0.1003972741535521,0.046244604242575066,0.10202227346094496,0.06517711903943572
Income from Associates & Other Participating Interests,BSBR,0.10027834453394303,0.04607952163937264,0.10170318145529016,0.06484523727690515
Special Income Charges,BSBR,0.10022427338142749,0.04604768461067859,0.10165398577306964,0.0648222188364048
Impairment of Capital Assets,BSBR,0.1002457003592058,0.046056188574206715,0.10168069321771289,0.06483437305487741
Write Off,BSBR,0.1002770765740246,0.046069934863110264,0.10170149617859317,0.06482312190478216
Other Special Charges,BSBR,0.10022418083936689,0.04603357733788134,0.10166280463175964,0.06479516221805688
Other Non Operating Income Expenses,BSBR,0.11187970540019221,0.05430122927170815,0.11183280180030235,0.06461261484712444
Pretax Income,BSBR,0.10201368122216126,0.04877169283244109,0.10655609693467002,0.06710154145244482
Tax Provision,BSBR,0.10060270267379712,0.04677926807528195,0.10348742915723937,0.06392420698053194
Net Income Common Stockholders,BSBR,0.10092426167626797,0.04701566333847298,0.10316100792366022,0.06635683295360997
Net Income,BSBR,0.10164643362506116,0.048036992790187354,0.10473724514750755,0.06798844152791705
Net Income Including Non-Controlling Interests,BSBR,0.10165378633687033,0.04804427110362836,0.1047434127277145,0.06799605347544319
Net Income Continuous Operations,BSBR,0.10165378633687033,0.04804427110362836,0.1047434127277145,0.06799605347544319
Minority Interests,BSBR,0.10023545507669702,0.04604456803302822,0.1016685773700769,0.06481110705600418
Preferred Stock Dividends,BSBR,0.10096497973729938,0.047073175798183604,0.10325098217413119,0.06645032757783739
Diluted NI Available to Com Stockholders,BSBR,0.10092426167626797,0.04701566333847298,0.10316100792366022,0.06635683295360997
Basic EPS,BSBR,0.10024280796824278,0.05430122927170815,0.11183280180030235,0.06481871940746621
Diluted EPS,BSBR,0.10024280796824278,0.05430122927170815,0.11183280180030235,0.06481871940746621
Basic Average Shares,BSBR,0.10080653926264031,0.04657811209314107,0.10242475737537826,0.06571638739578277
Diluted Average Shares,BSBR,0.10080653926264031,0.04657811209314107,0.10242475737537826,0.06571638739578277
Interest Income after Provision for Loan Loss,BSBR,0.1065498718522702,0.05248337424623076,0.11136613104648484,0.07492565925999417
Net Income from Continuing & Discontinued Operation,BSBR,0.10164643362506116,0.048036992790187354,0.10473724514750755,0.06798844152791705
Normalized Income,BSBR,0.10166120188221342,0.04804004170072601,0.10475029544113423,0.06798613153428318
Total Money Market Investments,BSBR,0.10229385951491324,0.04746943232017465,0.10218379574406987,0.06518536074900581
Reconciled Depreciation,BSBR,0.100649955719441,0.04641109368254565,0.10215477190682204,0.0654279599229451
Net Income from Continuing Operation Net Minority Interest,BSBR,0.10164643362506116,0.048036992790187354,0.10473724514750755,0.06798844152791705
Total Unusual Items Excluding Goodwill,BSBR,0.10022427338142749,0.04604768461067859,0.10165398577306964,0.0648222188364048
Total Unusual Items,BSBR,0.10022427338142749,0.04604768461067859,0.10165398577306964,0.0648222188364048
Tax Rate for Calcs,BSBR,0.1002428077885062,0.04605184634646923,0.10167474495028384,0.06481871900353031
Tax Effect of Unusual Items,BSBR,0.10023904163857973,0.04605073352121725,0.10166703606669632,0.06481990884277092
Total Revenue,BCS,0.10401341399396383,0.04948786278499213,0.10600459452380726,0.06992461044398697
Net Interest Income,BCS,0.1021306361160023,0.04752079235269933,0.1032669320509058,0.06673729639327766
Interest Income,BCS,0.10545294065395004,0.04870517522794577,0.10389153957570077,0.06762784512011188
Interest Expense,BCS,0.10356511232645393,0.04723622922171567,0.1022993524750788,0.06570926773036453
Non Interest Income,BCS,0.10212558566646772,0.04801891677876203,0.10441240742318529,0.06800603305423962
Fees And Commissions,BCS,0.10089877205746699,0.04668572183648263,0.10251274854133335,0.06569367722214939
Fees & Commission Income,BCS,0.10143233719653112,0.0471078423403539,0.10294782407012959,0.06618265225253317
Fees & Commission Expense,BCS,0.10077637292757033,0.0464739668503405,0.10210982047908007,0.0653076940339141
Dividend Income,BCS,0.1002428077885062,0.04605615369854955,0.10167868942470629,0.06482745913692364
Income from Associates & Other Participating Interests,BCS,0.10024147090480587,0.046052680027517036,0.10172602311777569,0.06482013632245896
Special Income Charges,BCS,0.10001137836571614,0.04583147665616645,0.10145858775193357,0.06471667204066761
Restructuring & Mergers Acquisition,BCS,0.10030994905878932,0.046050873718580125,0.10173312317173609,0.06484281342531734
Impairment of Capital Assets,BCS,0.10029672876441942,0.04606059999747117,0.1017542261098962,0.06486454564888995
Write Off,BCS,0.11187970540019221,0.05430122927170815,0.11183280180030235,0.06481919144317319
Other Special Charges,BCS,0.10035317496509992,0.04626443501365917,0.10175304276756947,0.06485084489924635
Pretax Income,BCS,0.10121680183551161,0.04702614159766914,0.10329079612116163,0.06554273275624832
Tax Provision,BCS,0.10042610939808447,0.04619621211458057,0.10189918554492125,0.06496139577568094
Net Income Common Stockholders,BCS,0.1008776790035285,0.046749776330322214,0.10289851813984896,0.06517919045104995
Net Income,BCS,0.10102399349739768,0.04687552322169927,0.10305708601163145,0.06538163083802526
Net Income Including Non-Controlling Interests,BCS,0.10103350022593335,0.0468817758295578,0.10306635552652421,0.06540005598409769
Net Income Continuous Operations,BCS,0.10103350022593335,0.0468817758295578,0.10306635552652421,0.06540005598409769
Net Income Extraordinary,BCS,0.11187970540019221,0.05430122927170815,0.10151617707850134,0.064616278616555
Minority Interests,BCS,0.10023330105997053,0.0460455937386107,0.10166547543539108,0.06480029385745788
Diluted NI Available to Com Stockholders,BCS,0.1008776790035285,0.046749776330322214,0.10289851813984896,0.06517919045104995
Basic EPS,BCS,0.10024280795338851,0.046051846517373846,0.10167474524611941,0.06481871908620725
Diluted EPS,BCS,0.10024280794893224,0.04605184651181597,0.10167474523823047,0.06481871908384505
Basic Average Shares,BCS,0.10081636803160512,0.046619201036209965,0.10251220617610027,0.06584036973126453
Diluted Average Shares,BCS,0.10083307907785923,0.0466377504395236,0.10253365425577234,0.06586210195483713
Net Income from Continuing & Discontinued Operation,BCS,0.10102399349739768,0.04687552322169927,0.10305708601163145,0.06538163083802526
Normalized Income,BCS,0.10121191418870322,0.04706327819783724,0.10324319735941104,0.06546356817126883
Reconciled Depreciation,BCS,0.10050780784643783,0.04629125175403019,0.10200470023572178,0.06522832417390977
Net Income from Continuing Operation Net Minority Interest,BCS,0.10102399349739768,0.04687552322169927,0.10305708601163145,0.06538163083802526
Total Unusual Items Excluding Goodwill,BCS,0.10001137836571614,0.04583147665616645,0.10145858775193357,0.06471667204066761
Total Unusual Items,BCS,0.10001137836571614,0.04583147665616645,0.10145858775193357,0.06471667204066761
Tax Rate for Calcs,BCS,0.1002428077885062,0.04605184634646923,0.10167474495028384,0.06481871900353031
Tax Effect of Unusual Items,BCS,0.10019929905702166,0.04601923163230442,0.10164469909971315,0.06479860937391119
Total Revenue,DB,0.10488268548444359,0.04972560083045748,0.10667771908399837,0.07048043568383867
Net Interest Income,DB,0.10263776066632661,0.047994740028375726,0.10386688661056045,0.06754138866546432
Interest Income,DB,0.1067115423864919,0.04944895766942796,0.10498258120095046,0.06902508536393798
Interest Income from Loans And Lease,DB,0.10351549908690844,0.04803017147290738,0.10377517758023849,0.06752083754099891
Interest Income from Loans,DB,0.10351549908690844,0.04803017147290738,0.10377517758023849,0.06752083754099891
Interest Income from Securities,DB,0.10183057999659541,0.04680910663155758,0.10243898686963353,0.06588359795858831
Interest Income from Deposits,DB,0.10033297316696163,0.04610075563460705,0.10168795893959905,0.06489549044549878
Interest Income from Federal Funds Sold And Securities Purchase Under Agreements To Resell,DB,0.10040159986357845,0.046121875554484736,0.10172858702615027,0.06489383690674869
Other Interest Income,DB,0.10160212142647274,0.04659443376174813,0.10205085058646444,0.06510619852622454
Interest Expense,DB,0.10431658950867148,0.04750606398752146,0.10279043954067384,0.06630241570200397
Interest Expense for Deposit,DB,0.10182597517496095,0.04656858964926622,0.1019619026882382,0.06527722167694815
Interest Expense for Short Term Debt,DB,0.10028885600485081,0.0460672694458536,0.10168874783448353,0.06483336463245969
Interest Expense for Long Term Debt And Capital Securities,DB,0.10115693915426362,0.04638656928716241,0.10196742495242964,0.06519950535569391
Interest Expense for Federal Funds Sold And Securities Purchase Under Agreements To Resell,DB,0.10030044233025366,0.04609408618622462,0.10170393406100997,0.06485864015335391
Other Interest Expense,DB,0.10171560799836722,0.04659693480489154,0.10216740980564784,0.06540855989766958
Non Interest Income,DB,0.10248773260662317,0.047782707148550985,0.10448557742372175,0.06775776602190467
Total Premiums Earned,DB,0.10024340195903968,0.04605226318699313,0.1016753366214472,0.06481942766299463
Fees And Commissions,DB,0.10143842744449928,0.04722886503912674,0.10338467461241593,0.06664635176202272
Fees & Commission Income,DB,0.1018026539815219,0.04760054783960588,0.10393611213667445,0.06726524769419928
Service Charge on Depositor Accounts,DB,0.10103186625696628,0.046832866541419986,0.10280404797743128,0.0660619439237766
Trust Fees by Commissions,DB,0.10082316385708179,0.046610968435862904,0.10245496199104445,0.065628716771253
Securities Activities,DB,0.1004332394444862,0.04626040555526145,0.10202659206876638,0.0652120250062303
Fees & Commission Expense,DB,0.10060703432552881,0.046423529146948375,0.10222618247454235,0.06543761493570688
Investment Banking Profit,DB,0.10041452307268162,0.04624192562536847,0.10212125945490517,0.06521745806212345
Trading Gain Loss,DB,0.10106068352784002,0.04643325542583942,0.1020601201013572,0.06534548920534472
Gain Losson Saleof Assets,DB,0.10028855891958408,0.045969311922736664,0.10199405015478116,0.0649514745431804
Gain on Sale of Security,DB,0.10029687730705278,0.0459334636376811,0.10197886392825474,0.06497367920639589
Gain on Saleof Loans,DB,0.10023448940103749,0.04608769463152479,0.10168993117681027,0.06479651434031482
Gain on Saleof Investment Property,DB,0.11187970540019221,0.05430122927170815,0.10167671718749506,0.06480478203406527
Other Non Interest Income,DB,0.10025617662550947,0.046116317680832714,0.10162386123023423,0.06487115980389031
Credit Losses Provision,DB,0.10001925112528473,0.04588149751903468,0.10157317473390574,0.06439541308350726
Non Interest Expense,DB,0.10335507304286912,0.04888066508850844,0.10582748762223926,0.06951476905378608
Occupancy And Equipment,DB,0.10046235380062668,0.04625040138268781,0.1020153503166624,0.06522596197569534
Professional Expense And Contract Services Expense,DB,0.1003763476159056,0.046171062736305155,0.10185697966860102,0.0650495057690786
Selling General and Administrative,DB,0.10304551019492657,0.048574287303440586,0.10534093670223003,0.06889091250535924
General & Administrative Expense,DB,0.1030153560403525,0.04855136107462599,0.10530583087987024,0.06884981025642843
Salaries and Wages,DB,0.10189623584054484,0.047540244910481415,0.10372942167693806,0.0672921767538436
Other G and A,DB,0.10136192798831387,0.0470629625106138,0.103251154153216,0.06637635250611515
Selling & Marketing Expense,DB,0.10027296194308025,0.04607477257528383,0.10170985077264363,0.06485982125246112
Other Non Interest Expense,DB,0.10019928479692886,0.04604045270548258,0.1016384557855973,0.06480454581424383
Income from Associates & Other Participating Interests,DB,0.10023716316843814,0.046072966266346924,0.10169407287495384,0.06484706538210329
Special Income Charges,DB,0.10012575619341084,0.0461131219034828,0.10160039160742065,0.0644891923526195
Restructuring & Mergers Acquisition,DB,0.10031901015942488,0.04604684426018241,0.10176250950618335,0.06509698595318833
Impairment of Capital Assets,DB,0.10027741822208135,0.04606129473167767,0.10167573106888944,0.06481871900353031
Other Special Charges,DB,0.10024904657910773,0.04598612449053404,0.10166034761864189,0.0648699787047831
Pretax Income,DB,0.10142446443696253,0.04680868979103368,0.1023685780011928,0.06505989944122202
Tax Provision,DB,0.10046606736646092,0.04603697903445006,0.1018567824448799,0.06491249827264256
Net Income Common Stockholders,DB,0.10110940551158529,0.046738243742494266,0.10208654807998763,0.06485320709746076
Net Income,DB,0.10118337974300343,0.04680493822631856,0.1021581402907551,0.06493564781514383
Net Income Including Non-Controlling Interests,DB,0.1012012048590078,0.046823557103052846,0.10218654050659673,0.06496612017210977
Net Income Continuous Operations,DB,0.1012012048590078,0.046823557103052846,0.10218654050659673,0.06496612017210977
Minority Interests,DB,0.10022498267250182,0.04603322746973495,0.1016463447344422,0.06478824664656437
Average Dilution Earnings,DB,0.1002428077885062,0.04605184634646923,0.10167474495028384,0.06481871900353031
Diluted NI Available to Com Stockholders,DB,0.10110940551158529,0.046738243742494266,0.10208654807998763,0.06485320709746076
Basic EPS,DB,0.10024280820888185,0.04605184667577324,0.10167474514750756,0.0648187190177035
Diluted EPS,DB,0.1002428081999693,0.0460518466688259,0.10167474514159085,0.0648187190177035
Basic Average Shares,DB,0.10054941463804469,0.04634153661589688,0.10208822448161717,0.06531667038712886
Diluted Average Shares,DB,0.10055534148911614,0.04634719175233781,0.10209743482939358,0.06533131601605822
Interest Income after Provision for Loan Loss,DB,0.10241420400310514,0.04782439120094117,0.10376531639418236,0.06711808274544126
Net Income from Continuing & Discontinued Operation,DB,0.10118337974300343,0.04680493822631856,0.1021581402907551,0.06493564781514383
Normalized Income,DB,0.10127819153503066,0.046752854002857024,0.10221316176447384,0.06513665907219941
Total Money Market Investments,DB,0.10049176524203389,0.046170784842622555,0.10174180101546548,0.06497060834871715
Net Income from Continuing Operation Net Minority Interest,DB,0.10118337974300343,0.04680493822631856,0.1021581402907551,0.06493564781514383
Total Unusual Items Excluding Goodwill,DB,0.10012575619341084,0.0461131219034828,0.10160039160742065,0.0644891923526195
Total Unusual Items,DB,0.10012575619341084,0.0461131219034828,0.10160039160742065,0.0644891923526195
Tax Rate for Calcs,DB,0.1002428077885062,0.04605184634646923,0.10167474495028384,0.06481871900353031
Tax Effect of Unusual Items,DB,0.10022056798543807,0.04606103768002127,0.1016554130811394,0.0646902036096751
